n_ops, gpu, cpu
1,1.4336e-05,1.024e-06
1,6.144e-06,8.32e-07
1,6.112e-06,1.024e-06
1,5.152e-06,9.92e-07
1,6.144e-06,8e-07
1,5.888e-06,8e-07
1,5.92e-06,1.024e-06
1,6.144e-06,1.024e-06
1,6.144e-06,1.024e-06
1,1.1264e-05,1.024e-06
2,5.12e-06,6.08e-07
2,6.816e-06,1.024e-06
2,6.112e-06,1.024e-06
2,6.144e-06,1.024e-06
2,5.12e-06,1.024e-06
2,6.144e-06,1.024e-06
2,6.144e-06,1.024e-06
2,5.12e-06,1.024e-06
2,5.792e-06,8e-07
2,5.984e-06,6.72e-07
4,5.888e-06,1.024e-06
4,5.12e-06,1.056e-06
4,5.792e-06,6.72e-07
4,5.92e-06,9.92e-07
4,5.12e-06,1.568e-06
4,5.792e-06,7.36e-07
4,5.984e-06,8.32e-07
4,6.08e-06,9.28e-07
4,6.144e-06,8.64e-07
4,6.08e-06,6.4e-07
8,5.792e-06,7.36e-07
8,5.984e-06,9.28e-07
8,6.144e-06,8.64e-07
8,6.112e-06,1.024e-06
8,5.696e-06,1.696e-06
8,5.824e-06,6.72e-07
8,6.016e-06,9.28e-07
8,5.76e-06,1.024e-06
8,6.144e-06,1.024e-06
8,5.696e-06,1.024e-06
16,5.792e-06,1.024e-06
16,5.12e-06,6.72e-07
16,5.888e-06,1.024e-06
16,5.12e-06,1.056e-06
16,6.112e-06,1.024e-06
16,6.176e-06,9.92e-07
16,6.144e-06,6.72e-07
16,5.696e-06,1.024e-06
16,6.144e-06,6.08e-07
16,5.888e-06,8.96e-07
32,6.112e-06,8.32e-07
32,6.08e-06,1.024e-06
32,5.728e-06,1.696e-06
32,5.824e-06,6.72e-07
32,6.048e-06,8.32e-07
32,5.856e-06,1.024e-06
32,6.176e-06,1.056e-06
32,6.08e-06,1.024e-06
32,6.144e-06,1.024e-06
32,6.144e-06,1.024e-06
64,6.144e-06,8.32e-07
64,6.016e-06,9.6e-07
64,6.144e-06,9.28e-07
64,6.144e-06,1.024e-06
64,5.12e-06,5.44e-07
64,5.696e-06,5.76e-07
64,5.12e-06,1.024e-06
64,5.12e-06,1.024e-06
64,5.696e-06,1.056e-06
64,6.144e-06,8.96e-07
128,5.696e-06,1.024e-06
128,5.12e-06,1.024e-06
128,6.144e-06,1.024e-06
128,6.144e-06,8.32e-07
128,5.952e-06,1.024e-06
128,6.144e-06,1.024e-06
128,6.144e-06,1.024e-06
128,6.144e-06,6.08e-07
128,5.76e-06,7.04e-07
128,5.792e-06,8e-07
256,5.984e-06,1.024e-06
256,6.144e-06,7.36e-07
256,5.12e-06,1.632e-06
256,5.12e-06,6.08e-07
256,5.664e-06,1.024e-06
256,6.144e-06,8e-07
256,5.824e-06,7.68e-07
256,5.792e-06,7.36e-07
256,5.088e-06,7.04e-07
256,5.728e-06,1.536e-06
512,5.12e-06,8.96e-07
512,6.144e-06,1.024e-06
512,6.144e-06,3.36e-06
512,5.696e-06,1.632e-06
512,5.824e-06,8e-07
512,6.112e-06,7.04e-07
512,5.92e-06,1.024e-06
512,5.12e-06,1.6e-06
512,6.144e-06,1.024e-06
512,5.12e-06,1.024e-06
1024,5.696e-06,1.024e-06
1024,6.144e-06,1.28e-06
1024,5.952e-06,1.024e-06
1024,6.144e-06,1.408e-06
1024,5.952e-06,1.12e-06
1024,5.664e-06,1.024e-06
1024,6.144e-06,1.184e-06
1024,6.144e-06,1.376e-06
1024,5.984e-06,1.952e-06
1024,5.76e-06,1.696e-06
2048,6.144e-06,3.136e-06
2048,5.792e-06,2.112e-06
2048,6.144e-06,2.72e-06
2048,6.144e-06,2.4e-06
2048,5.888e-06,2.048e-06
2048,6.144e-06,2.144e-06
2048,5.792e-06,2.048e-06
2048,5.12e-06,2.336e-06
2048,5.92e-06,2.4e-06
2048,5.952e-06,2.272e-06
4096,6.048e-06,4.32e-06
4096,6.144e-06,4.256e-06
4096,5.696e-06,4.8e-06
4096,5.92e-06,4.096e-06
4096,6.176e-06,4.288e-06
4096,5.12e-06,4.096e-06
4096,5.792e-06,5.376e-06
4096,5.856e-06,6.112e-06
4096,5.12e-06,4.096e-06
4096,5.12e-06,4.096e-06
8192,5.12e-06,7.488e-06
8192,6.112e-06,1.0976e-05
8192,6.112e-06,8.096e-06
8192,5.792e-06,1.0976e-05
8192,6.144e-06,8.096e-06
8192,6.144e-06,1.0528e-05
8192,5.728e-06,8.192e-06
8192,5.12e-06,7.584e-06
8192,5.888e-06,8.064e-06
8192,5.12e-06,7.488e-06
16384,5.984e-06,1.44e-05
16384,5.12e-06,1.4336e-05
16384,5.76e-06,2.0544e-05
16384,5.856e-06,1.5168e-05
16384,6.144e-06,1.536e-05
16384,6.144e-06,2.1504e-05
16384,5.824e-06,1.616e-05
16384,5.664e-06,1.6032e-05
16384,5.12e-06,1.488e-05
16384,5.728e-06,1.5168e-05
32768,6.144e-06,3.7632e-05
32768,6.144e-06,4.1344e-05
32768,6.048e-06,2.8576e-05
32768,5.088e-06,2.7648e-05
32768,5.824e-06,2.8704e-05
32768,4.992e-06,3.7888e-05
32768,5.12e-06,2.8672e-05
32768,5.12e-06,3.0272e-05
32768,5.088e-06,2.688e-05
32768,5.952e-06,2.8864e-05
65536,5.024e-06,8.2752e-05
65536,6.144e-06,7.8528e-05
65536,6.144e-06,7.9136e-05
65536,6.112e-06,5.5488e-05
65536,6.176e-06,5.7408e-05
65536,5.792e-06,5.8368e-05
65536,5.12e-06,5.4336e-05
65536,6.144e-06,5.8368e-05
65536,6.144e-06,5.7536e-05
65536,5.792e-06,6.656e-05
131072,5.12e-06,0.000108576
131072,5.12e-06,0.00010752
131072,6.144e-06,0.000113536
131072,5.696e-06,0.000150528
131072,5.984e-06,0.000117472
131072,5.92e-06,0.00016384
131072,6.144e-06,0.00011776
131072,6.144e-06,0.000162656
131072,5.088e-06,0.000116992
131072,6.048e-06,0.000151552
262144,6.144e-06,0.000294176
262144,6.144e-06,0.000284672
262144,6.016e-06,0.000266336
262144,5.024e-06,0.000235168
262144,6.144e-06,0.000234624
262144,6.08e-06,0.000222048
262144,6.176e-06,0.000227488
262144,6.112e-06,0.000217088
262144,5.12e-06,0.00022672
262144,5.984e-06,0.0002304
524288,6.144e-06,0.00043008
524288,5.76e-06,0.000643104
524288,5.12e-06,0.00052688
524288,5.088e-06,0.000456
524288,5.728e-06,0.00045392
524288,5.952e-06,0.000464576
524288,6.144e-06,0.001223392
524288,6.112e-06,0.000428768
524288,6.144e-06,0.000658176
524288,5.12e-06,0.000429056
1048576,6.112e-06,0.001086464
1048576,5.12e-06,0.000907424
1048576,6.144e-06,0.001294112
1048576,5.92e-06,0.000906464
1048576,5.76e-06,0.00105984
1048576,8.192e-06,0.000870752
1048576,6.08e-06,0.000864928
1048576,5.088e-06,0.001311264
1048576,5.728e-06,0.000892
1048576,6.08e-06,0.000856064
2097152,6.144e-06,0.001813472
2097152,5.888e-06,0.001773344
2097152,5.12e-06,0.001822752
2097152,5.12e-06,0.002054464
2097152,6.144e-06,0.001812544
2097152,6.144e-06,0.001783552
2097152,6.144e-06,0.001785856
2097152,6.144e-06,0.0020992
2097152,6.144e-06,0.002135616
2097152,5.888e-06,0.001807008
4194304,5.12e-06,0.003417344
4194304,6.144e-06,0.003440576
4194304,5.12e-06,0.003979264
4194304,6.144e-06,0.003597312
4194304,6.144e-06,0.00352288
4194304,5.76e-06,0.003543904
4194304,6.144e-06,0.003500288
4194304,5.856e-06,0.003621984
4194304,6.976e-06,0.003696896
4194304,5.888e-06,0.003578848
8388608,5.12e-06,0.00820464
8388608,5.824e-06,0.01024922
8388608,6.144e-06,0.00802304
8388608,6.144e-06,0.007023648
8388608,5.984e-06,0.007322592
8388608,6.144e-06,0.008507424
8388608,6.144e-06,0.007822368
8388608,7.168e-06,0.00710144
8388608,6.144e-06,0.009277088
8388608,6.112e-06,0.007928
16777216,6.016e-06,0.01537443
16777216,6.144e-06,0.01392275
16777216,6.848e-06,0.01574378
16777216,1.008e-05,0.0159064
16777216,6.144e-06,0.01599466
16777216,5.76e-06,0.01627728
16777216,8.192e-06,0.01451597
16777216,6.688e-06,0.01482752
16777216,7.2e-06,0.01617408
16777216,7.168e-06,0.01523405
33554432,7.168e-06,0.03038515
33554432,6.144e-06,0.0291121
33554432,1.2288e-05,0.03029411
33554432,7.168e-06,0.02883789
33554432,7.008e-06,0.02963686
33554432,6.144e-06,0.0277975
33554432,6.688e-06,0.03254272
33554432,1.2832e-05,0.03236557
33554432,9.024e-06,0.03313453
33554432,6.144e-06,0.03039232
67108864,7.136e-06,0.06166019
67108864,7.776e-06,0.06039552
67108864,1.1936e-05,0.05827338
67108864,1.408e-05,0.0591904
67108864,6.848e-06,0.05786317
67108864,6.144e-06,0.05962138
67108864,6.112e-06,0.05858813
67108864,7.168e-06,0.05944214
67108864,6.144e-06,0.05912064
67108864,6.144e-06,0.05840688
134217728,7.008e-06,0.118868
134217728,6.688e-06,0.1161478
134217728,8.192e-06,0.1217844
134217728,7.168e-06,0.115204
134217728,7.2e-06,0.1177468
134217728,1.2128e-05,0.1188219
134217728,7.776e-06,0.1133015
134217728,6.144e-06,0.1163889
134217728,7.008e-06,0.117484
134217728,6.112e-06,0.118432
268435456,6.144e-06,0.2362641
268435456,1.1264e-05,0.2357904
268435456,1.4336e-05,0.2372925
268435456,1.1168e-05,0.2300743
268435456,6.688e-06,0.244095
268435456,9.952e-06,0.2370966
268435456,1.3312e-05,0.2331666
268435456,1.0208e-05,0.235026
268435456,7.872e-06,0.2310528
268435456,1.024e-05,0.232385
536870912,8.096e-06,0.4785838
536870912,1.4336e-05,0.4640047
536870912,1.2288e-05,0.485847
536870912,1.4336e-05,0.4675389
536870912,1.4048e-05,0.4858314
536870912,1.536e-05,0.4653893
536870912,1.1264e-05,0.4819313
536870912,1.488e-05,0.4694954
536870912,1.0912e-05,0.481365
536870912,1.488e-05,0.4688364
1073741824,9.216e-06,0.9374689
1073741824,1.4336e-05,0.9412186
1073741824,1.4336e-05,0.9407363
1073741824,1.4336e-05,0.9501716
1073741824,1.4304e-05,0.9584155
1073741824,1.3984e-05,0.9450762
1073741824,1.4336e-05,0.9614468
1073741824,1.4336e-05,0.9533553
1073741824,1.4336e-05,0.9430037
1073741824,1.5232e-05,0.9422475
2147483648,1.4912e-05,1.874441
2147483648,1.4336e-05,1.894317
2147483648,1.5232e-05,1.867507
2147483648,1.3856e-05,1.907131
2147483648,1.4336e-05,1.922799
2147483648,1.4976e-05,1.903076
2147483648,1.504e-05,1.871313
2147483648,1.4336e-05,1.918032
2147483648,1.4336e-05,1.899341
2147483648,1.6128e-05,1.888693
4294967296,1.5328e-05,3.784196
4294967296,1.5008e-05,3.793321
4294967296,1.4304e-05,3.783952
4294967296,1.4336e-05,3.785632
4294967296,1.4304e-05,3.762271
4294967296,1.5072e-05,3.780952
4294967296,1.4336e-05,3.760927
4294967296,1.5104e-05,3.77131
4294967296,1.4912e-05,3.764022
4294967296,1.5264e-05,3.785764
8589934592,1.536e-05,7.51272
8589934592,1.4336e-05,7.596564
8589934592,1.5264e-05,7.540563
8589934592,1.4336e-05,7.615717
8589934592,1.7408e-05,7.526487
8589934592,1.4944e-05,7.584744
8589934592,1.5072e-05,7.560332
8589934592,1.5072e-05,7.550992
8589934592,1.536e-05,7.532651
8589934592,1.5296e-05,7.535185
