n_ops, global, local, baseline
1,7.168e-06,1.2096e-05,1.4976e-05
1,6.144e-06,1.5296e-05,1.5008e-05
1,6.144e-06,1.2672e-05,1.4432e-05
1,6.848e-06,6.0032e-05,1.5136e-05
1,7.168e-06,1.1552e-05,1.4016e-05
1,6.144e-06,1.6224e-05,1.4304e-05
1,5.792e-06,1.2288e-05,1.4304e-05
1,6.144e-06,1.4688e-05,1.3312e-05
1,5.696e-06,1.8816e-05,1.4336e-05
1,6.688e-06,1.2224e-05,1.4016e-05
2,5.824e-06,1.3984e-05,1.4368e-05
2,6.112e-06,1.84e-05,1.456e-05
2,5.856e-06,1.92e-05,1.408e-05
2,5.92e-06,1.5136e-05,1.4304e-05
2,6.08e-06,1.216e-05,1.4304e-05
2,6.816e-06,1.5232e-05,1.4336e-05
2,5.152e-06,1.1552e-05,1.4336e-05
2,6.144e-06,1.824e-05,1.4304e-05
2,6.048e-06,1.3184e-05,1.328e-05
2,6.112e-06,1.4944e-05,1.4144e-05
4,5.856e-06,1.424e-05,1.4336e-05
4,6.112e-06,1.184e-05,1.4208e-05
4,5.12e-06,1.3536e-05,1.4912e-05
4,6.016e-06,1.7792e-05,1.4336e-05
4,5.952e-06,1.4368e-05,1.4336e-05
4,6.144e-06,1.3792e-05,1.4304e-05
4,6.144e-06,1.2672e-05,1.328e-05
4,5.12e-06,1.4944e-05,1.4432e-05
4,6.112e-06,1.9968e-05,1.4304e-05
4,6.144e-06,1.3728e-05,1.4304e-05
8,6.144e-06,1.2512e-05,1.4336e-05
8,6.144e-06,1.3376e-05,1.4272e-05
8,6.08e-06,1.7088e-05,1.3248e-05
8,5.664e-06,1.2224e-05,1.4944e-05
8,6.144e-06,1.2096e-05,1.4304e-05
8,5.632e-06,1.3696e-05,1.328e-05
8,6.144e-06,1.472e-05,1.4304e-05
8,6.144e-06,1.3056e-05,1.4336e-05
8,6.144e-06,1.776e-05,1.4304e-05
8,6.144e-06,1.3088e-05,1.4016e-05
16,6.144e-06,1.6288e-05,1.4336e-05
16,5.12e-06,1.3728e-05,1.3856e-05
16,6.144e-06,1.4304e-05,1.4304e-05
16,6.752e-06,1.7856e-05,1.4208e-05
16,6.848e-06,1.5808e-05,1.4912e-05
16,6.144e-06,1.9168e-05,1.408e-05
16,6.944e-06,1.6224e-05,1.3952e-05
16,5.696e-06,1.152e-05,1.4176e-05
16,6.144e-06,1.44e-05,1.4048e-05
16,6.144e-06,1.3056e-05,1.4304e-05
32,6.144e-06,1.7792e-05,1.4336e-05
32,5.76e-06,1.2992e-05,1.4176e-05
32,6.112e-06,1.2704e-05,1.4208e-05
32,6.88e-06,1.648e-05,1.4272e-05
32,6.144e-06,1.2928e-05,1.3856e-05
32,5.824e-06,1.5872e-05,1.4304e-05
32,5.12e-06,1.3696e-05,1.4176e-05
32,7.008e-06,1.408e-05,1.4304e-05
32,5.984e-06,1.392e-05,1.3824e-05
32,6.144e-06,1.4368e-05,1.408e-05
64,5.984e-06,1.5776e-05,1.5104e-05
64,6.144e-06,1.648e-05,1.4336e-05
64,5.952e-06,1.3024e-05,1.328e-05
64,6.112e-06,1.9456e-05,1.392e-05
64,5.856e-06,1.3568e-05,1.4336e-05
64,6.112e-06,1.6064e-05,1.4944e-05
64,6.144e-06,1.5552e-05,1.4336e-05
64,6.144e-06,1.3344e-05,1.4368e-05
64,6.144e-06,1.3536e-05,1.3792e-05
64,6.016e-06,1.5072e-05,1.44e-05
128,5.12e-06,1.4336e-05,1.4336e-05
128,1.2288e-05,1.9424e-05,1.4048e-05
128,5.856e-06,1.3568e-05,1.4304e-05
128,6.144e-06,1.856e-05,1.4304e-05
128,6.144e-06,1.296e-05,1.4304e-05
128,6.144e-06,1.4432e-05,1.4304e-05
128,6.08e-06,1.5424e-05,1.4336e-05
128,6.176e-06,1.2768e-05,1.4336e-05
128,5.792e-06,1.4496e-05,1.4336e-05
128,7.168e-06,1.9712e-05,1.4336e-05
256,5.12e-06,1.1776e-05,1.4304e-05
256,6.144e-06,1.6576e-05,1.4208e-05
256,6.144e-06,1.1776e-05,1.3312e-05
256,5.12e-06,1.1072e-05,1.3312e-05
256,5.888e-06,1.7152e-05,1.3152e-05
256,5.696e-06,1.4496e-05,1.2896e-05
256,6.656e-06,1.6704e-05,1.3312e-05
256,6.048e-06,1.5104e-05,1.296e-05
256,5.728e-06,1.2352e-05,1.296e-05
256,5.12e-06,1.2192e-05,1.3312e-05
512,5.952e-06,1.1904e-05,1.3312e-05
512,5.984e-06,1.5168e-05,1.3344e-05
512,5.824e-06,1.0624e-05,1.3088e-05
512,5.984e-06,1.0464e-05,1.3312e-05
512,6.048e-06,1.4496e-05,1.3888e-05
512,6.144e-06,1.328e-05,1.3152e-05
512,5.952e-06,1.744e-05,1.3312e-05
512,6.144e-06,1.1808e-05,1.3024e-05
512,6.144e-06,1.4688e-05,1.3312e-05
512,5.792e-06,1.8048e-05,1.3472e-05
1024,5.6e-06,1.1712e-05,1.3312e-05
1024,5.792e-06,1.4176e-05,1.2288e-05
1024,5.12e-06,1.712e-05,1.2928e-05
1024,5.728e-06,1.392e-05,1.2288e-05
1024,6.144e-06,1.7056e-05,1.3152e-05
1024,6.144e-06,1.1264e-05,1.3312e-05
1024,5.12e-06,1.4176e-05,1.3312e-05
1024,6.144e-06,1.3472e-05,1.3312e-05
1024,5.824e-06,1.3184e-05,1.3856e-05
1024,6.144e-06,1.584e-05,1.3312e-05
2048,5.92e-06,1.7184e-05,1.2288e-05
2048,6.144e-06,1.264e-05,1.2896e-05
2048,5.12e-06,1.6384e-05,1.3952e-05
2048,5.12e-06,1.2736e-05,1.3312e-05
2048,6.112e-06,1.6096e-05,1.3152e-05
2048,5.12e-06,1.6192e-05,1.3312e-05
2048,6.112e-06,1.2192e-05,1.28e-05
2048,6.144e-06,1.2928e-05,1.3088e-05
2048,6.144e-06,1.5424e-05,1.2288e-05
2048,6.144e-06,1.1168e-05,1.3312e-05
4096,5.984e-06,1.3088e-05,1.3312e-05
4096,6.144e-06,1.2448e-05,1.2288e-05
4096,6.016e-06,5.7728e-05,1.4336e-05
4096,6.144e-06,1.104e-05,1.2864e-05
4096,6.144e-06,1.296e-05,1.3312e-05
4096,5.984e-06,1.1744e-05,2.4576e-05
4096,6.048e-06,1.7696e-05,1.2864e-05
4096,6.144e-06,1.2352e-05,1.3216e-05
4096,5.792e-06,1.2512e-05,1.3824e-05
4096,6.144e-06,1.5968e-05,1.3024e-05
8192,5.952e-06,1.7152e-05,1.2864e-05
8192,5.088e-06,1.2096e-05,1.3216e-05
8192,6.144e-06,1.5776e-05,1.3344e-05
8192,5.856e-06,1.1168e-05,1.3312e-05
8192,5.792e-06,1.6064e-05,1.3216e-05
8192,6.144e-06,1.424e-05,1.2928e-05
8192,5.856e-06,1.136e-05,1.3824e-05
8192,6.08e-06,1.3312e-05,1.3312e-05
8192,5.12e-06,1.8624e-05,1.3312e-05
8192,5.92e-06,1.6448e-05,1.3312e-05
16384,6.144e-06,1.2512e-05,1.3024e-05
16384,5.984e-06,1.7824e-05,1.3056e-05
16384,6.144e-06,1.5072e-05,1.2864e-05
16384,6.144e-06,1.5392e-05,1.2288e-05
16384,6.016e-06,1.1904e-05,1.3312e-05
16384,5.792e-06,1.6736e-05,1.2864e-05
16384,6.144e-06,1.088e-05,1.3312e-05
16384,5.12e-06,1.6832e-05,1.3312e-05
16384,6.144e-06,1.7728e-05,1.312e-05
16384,6.08e-06,1.76e-05,1.296e-05
32768,6.144e-06,1.6672e-05,1.3312e-05
32768,5.12e-06,1.8656e-05,1.2288e-05
32768,5.856e-06,1.3376e-05,1.3312e-05
32768,5.696e-06,1.7504e-05,1.3312e-05
32768,6.112e-06,1.6992e-05,1.3312e-05
32768,6.144e-06,1.1136e-05,1.2864e-05
32768,7.168e-06,1.68e-05,1.2864e-05
32768,6.144e-06,0.00019808,1.632e-05
32768,1.6896e-05,0.000202176,2.0064e-05
32768,8.192e-06,1.1712e-05,1.52e-05
65536,8.192e-06,1.104e-05,1.5232e-05
65536,6.752e-06,1.1264e-05,1.3312e-05
65536,6.144e-06,1.4944e-05,1.3312e-05
65536,5.984e-06,1.168e-05,1.3312e-05
65536,6.112e-06,5.6672e-05,1.44e-05
65536,5.12e-06,1.4368e-05,1.3312e-05
65536,6.144e-06,1.1904e-05,1.3312e-05
65536,6.144e-06,1.856e-05,1.2992e-05
65536,6.144e-06,5.328e-05,1.4144e-05
65536,6.144e-06,5.6992e-05,1.4144e-05
131072,6.144e-06,1.6928e-05,1.3888e-05
131072,1.4208e-05,1.2256e-05,1.3312e-05
131072,5.792e-06,1.3536e-05,1.392e-05
131072,6.144e-06,1.248e-05,1.3216e-05
131072,6.112e-06,1.1424e-05,1.3312e-05
131072,5.888e-06,5.1072e-05,1.3312e-05
131072,6.144e-06,1.3888e-05,1.2288e-05
131072,5.92e-06,1.1968e-05,1.3312e-05
131072,6.144e-06,1.1872e-05,1.3312e-05
131072,6.144e-06,1.12e-05,1.2928e-05
262144,6.144e-06,1.5104e-05,1.296e-05
262144,6.144e-06,1.0976e-05,1.3312e-05
262144,6.144e-06,1.1808e-05,1.2768e-05
262144,6.144e-06,1.8432e-05,1.3312e-05
262144,6.144e-06,1.7088e-05,1.3184e-05
262144,7.168e-06,1.5136e-05,1.3312e-05
262144,5.12e-06,1.5872e-05,1.296e-05
262144,5.12e-06,1.7536e-05,1.2992e-05
262144,6.112e-06,1.6864e-05,1.28e-05
262144,6.016e-06,1.2704e-05,1.28e-05
524288,6.112e-06,1.1296e-05,1.3312e-05
524288,6.144e-06,5.0368e-05,1.4336e-05
524288,6.144e-06,6.064e-05,1.4336e-05
524288,6.624e-06,1.1392e-05,1.3312e-05
524288,6.08e-06,1.1264e-05,1.3312e-05
524288,6.144e-06,1.2672e-05,1.3152e-05
524288,6.144e-06,1.2928e-05,1.296e-05
524288,6.144e-06,4.9984e-05,1.2864e-05
524288,6.048e-06,1.5648e-05,1.296e-05
524288,6.08e-06,1.1488e-05,1.2128e-05
1048576,5.792e-06,5.376e-05,4.3616e-05
1048576,5.12e-06,5.1616e-05,4.3008e-05
1048576,5.984e-06,5.1328e-05,4.3008e-05
1048576,5.824e-06,5.0496e-05,4.3712e-05
1048576,6.144e-06,5.0496e-05,4.32e-05
1048576,6.048e-06,9.248e-05,4.3552e-05
1048576,6.72e-06,0.000101632,4.4032e-05
1048576,6.688e-06,5.0464e-05,4.3008e-05
1048576,6.144e-06,4.9504e-05,4.3552e-05
1048576,6.144e-06,5.1296e-05,4.3168e-05
2097152,6.08e-06,5.1904e-05,4.1984e-05
2097152,6.016e-06,5.2704e-05,4.272e-05
2097152,6.144e-06,5.4272e-05,4.3072e-05
2097152,5.728e-06,5.5136e-05,4.2976e-05
2097152,5.12e-06,5.4816e-05,4.3008e-05
2097152,6.144e-06,9.3056e-05,4.3008e-05
2097152,5.888e-06,5.3856e-05,4.3008e-05
2097152,5.856e-06,5.5072e-05,4.3008e-05
2097152,5.664e-06,5.4208e-05,4.2976e-05
2097152,5.696e-06,5.1936e-05,4.2944e-05
4194304,6.144e-06,6.7328e-05,4.3008e-05
4194304,5.92e-06,6.2688e-05,4.3008e-05
4194304,5.952e-06,6.928e-05,4.3008e-05
4194304,7.008e-06,6.7232e-05,4.2912e-05
4194304,5.12e-06,6.4864e-05,4.3008e-05
4194304,6.144e-06,0.000278784,4.3008e-05
4194304,5.888e-06,0.000113408,4.4544e-05
4194304,6.048e-06,6.8128e-05,4.3712e-05
4194304,6.08e-06,6.4736e-05,4.3008e-05
4194304,6.144e-06,6.8064e-05,4.2592e-05
8388608,6.016e-06,9.712e-05,4.3008e-05
8388608,6.144e-06,8.9888e-05,4.2848e-05
8388608,6.144e-06,8.3904e-05,4.368e-05
8388608,5.856e-06,8.7936e-05,4.3008e-05
8388608,5.696e-06,0.000132032,4.7648e-05
8388608,2.56e-05,8.6336e-05,4.2944e-05
8388608,6.624e-06,0.000280512,4.3008e-05
8388608,6.144e-06,0.000128512,4.3872e-05
8388608,5.792e-06,8.3712e-05,4.2976e-05
8388608,5.984e-06,9.1072e-05,4.3008e-05
16777216,5.12e-06,0.000138304,4.1984e-05
16777216,5.984e-06,0.000126816,4.304e-05
16777216,6.144e-06,0.000125024,4.3008e-05
16777216,5.6e-06,0.000162848,4.3936e-05
16777216,6.144e-06,0.000137184,4.1984e-05
16777216,5.12e-06,0.000127328,4.3008e-05
16777216,6.144e-06,0.000124832,4.2752e-05
16777216,5.12e-06,0.000132096,4.3008e-05
16777216,5.92e-06,0.000132352,4.3008e-05
16777216,5.12e-06,0.000126976,4.3008e-05
33554432,5.728e-06,0.00021296,4.3008e-05
33554432,5.12e-06,0.00022336,4.4032e-05
33554432,5.632e-06,0.000215904,4.3008e-05
33554432,5.792e-06,0.000218176,4.32e-05
33554432,5.6e-06,0.000221632,4.3008e-05
33554432,6.048e-06,0.000211968,4.3008e-05
33554432,5.696e-06,0.000222816,4.3008e-05
33554432,5.664e-06,0.000221472,4.3648e-05
33554432,6.08e-06,0.00021616,4.3008e-05
33554432,5.664e-06,0.000217888,4.3552e-05
67108864,6.144e-06,0.000404928,4.352e-05
67108864,5.6e-06,0.000842048,4.6592e-05
67108864,5.76e-06,0.000446368,4.5664e-05
67108864,6.144e-06,0.000399552,4.4032e-05
67108864,6.144e-06,0.00039568,4.3968e-05
67108864,5.12e-06,0.000396768,4.4032e-05
67108864,6.144e-06,0.000401792,4.4032e-05
67108864,6.112e-06,0.000399008,4.5056e-05
67108864,5.888e-06,0.000399712,4.352e-05
67108864,6.144e-06,0.000399488,4.48e-05
134217728,5.12e-06,0.00075472,5.2224e-05
134217728,5.12e-06,0.000761344,5.1968e-05
134217728,5.12e-06,0.00075984,5.088e-05
134217728,6.144e-06,0.000756096,5.12e-05
134217728,5.728e-06,0.000765824,5.0816e-05
134217728,6.112e-06,0.000758336,5.1072e-05
134217728,6.08e-06,0.000753696,5.12e-05
134217728,5.856e-06,0.000797024,5.1936e-05
134217728,6.144e-06,0.000758304,5.1168e-05
134217728,5.12e-06,0.000757792,5.12e-05
268435456,5.792e-06,0.001474464,7.9872e-05
268435456,5.888e-06,0.00148432,7.936e-05
268435456,5.6e-06,0.001485184,7.9648e-05
268435456,5.984e-06,0.001480768,7.9456e-05
268435456,5.952e-06,0.001480832,7.9776e-05
268435456,5.696e-06,0.001482272,7.9648e-05
268435456,6.08e-06,0.00134064,7.168e-05
268435456,5.12e-06,0.001337728,7.2416e-05
268435456,5.632e-06,0.00134128,7.2704e-05
268435456,5.12e-06,0.001339232,7.264e-05
536870912,5.6e-06,0.002635744,0.000122848
536870912,5.12e-06,0.002648576,0.00012288
536870912,5.12e-06,0.002637088,0.000123648
536870912,5.632e-06,0.002642368,0.00012288
536870912,5.76e-06,0.002641568,0.000122784
536870912,5.12e-06,0.002640512,0.000123744
536870912,5.12e-06,0.002638144,0.000123904
536870912,5.12e-06,0.002638912,0.000123648
536870912,5.12e-06,0.002641056,0.000123552
536870912,5.952e-06,0.002638368,0.00012288
1073741824,5.12e-06,0.005253536,0.000228352
1073741824,5.12e-06,0.005256256,0.000229216
1073741824,6.912e-06,0.00603952,0.000227328
1073741824,5.12e-06,0.00525392,0.000229376
1073741824,5.12e-06,0.005508544,0.000229376
1073741824,5.12e-06,0.005248064,0.00022912
1073741824,5.6e-06,0.005254016,0.000228992
1073741824,5.12e-06,0.005262048,0.000227968
1073741824,5.728e-06,0.005273216,0.0002304
1073741824,5.12e-06,0.005272832,0.000229376
2147483648,5.952e-06,0.0105232,0.000444416
2147483648,6.048e-06,0.01054938,0.000453248
2147483648,5.664e-06,0.01062154,0.000447328
2147483648,5.12e-06,0.0109433,0.000454656
2147483648,6.144e-06,0.01108842,0.000456512
2147483648,5.92e-06,0.01083229,0.000454112
2147483648,5.12e-06,0.01083264,0.000454656
2147483648,5.12e-06,0.01083344,0.0004608
2147483648,5.12e-06,0.01083686,0.000454528
2147483648,5.12e-06,0.01084016,0.000460768
4294967296,5.76e-06,0.02365283,0.00089088
4294967296,6.656e-06,0.02164426,0.00089088
4294967296,5.92e-06,0.02182826,0.000900096
4294967296,5.12e-06,0.02497859,0.000910848
4294967296,5.888e-06,0.02206355,0.000909248
4294967296,6.144e-06,0.02201834,0.000908352
4294967296,6.144e-06,0.02293043,0.000909248
4294967296,5.888e-06,0.02203437,0.000909056
4294967296,5.12e-06,0.02203302,0.000909312
4294967296,5.12e-06,0.0220368,0.000908928
8589934592,5.824e-06,0.04403593,0.001795744
8589934592,5.12e-06,0.04404211,0.001817536
8589934592,5.12e-06,0.04422592,0.001803264
8589934592,5.696e-06,0.04491555,0.00183296
8589934592,6.144e-06,0.04492208,0.001847072
8589934592,5.952e-06,0.04493366,0.001833984
8589934592,6.048e-06,0.0447825,0.001795136
8589934592,4.096e-06,0.04407079,0.001798144
8589934592,6.112e-06,0.04426339,0.001804256
8589934592,6.144e-06,0.04426554,0.001824608
