70.602402
70.578575
70.575294
70.572227
70.561989
70.567398
70.571182
70.566139
70.568405
70.569008
70.566368
70.565590
70.562233
70.562439
70.564651
70.564873
70.565994
70.565605
70.563591
70.563515
70.562248
70.560608
70.563034
70.563843
70.564445
70.566101
70.566460
70.568443
70.568031
70.568695
70.569321
70.569466
70.569397
70.569382
70.569801
70.570435
70.570702
70.570602
70.571434
70.573174
70.573486
70.572968
70.574280
70.574776
70.573738
70.574638
70.574532
70.574203
70.574844
70.575340
70.576134
70.575241
70.574928
70.575005
70.576248
70.575630
70.575569
70.575630
70.575417
70.575500
70.574730
70.575035
70.574753
70.574478
70.573708
70.573822
70.573532
70.573570
70.574722
70.574837
70.574837
70.574089
70.574387
70.574440
70.574997
70.575699
70.574547
70.574646
70.574135
70.574776
70.575142
70.573952
70.574142
70.573975
70.574509
70.575363
70.574837
70.575081
70.574646
70.575134
70.575203
70.575249
70.575539
70.576050
70.575310
70.575539
70.574837
70.574730
70.575127
70.575821
70.575264
70.575058
70.574661
70.575165
70.575287
70.574913
70.574722
70.574303
70.574310
70.574249
70.574051
70.574562
70.573959
70.573624
70.574104
70.574211
70.574295
70.573784
70.573837
70.573799
70.573624
70.574310
70.573738
70.573547
70.573624
70.573700
70.573486
70.572754
70.573151
70.573151
70.573311
70.573341
70.574097
70.574455
70.574486
70.573929
70.574623
70.574074
70.574036
70.574944
70.574631
70.574966
70.575073
70.575630
70.575455
70.575966
70.575745
70.575462
70.575256
70.575104
70.574348
70.574440
70.574776
70.574532
70.574806
70.574730
70.574982
70.575012
70.574883
70.575470
70.574783
70.574089
70.574707
70.574478
70.574684
70.574455
70.574600
70.574638
70.574356
70.574013
70.574310
70.574219
70.574501
70.574501
70.574600
70.574303
70.575066
70.574860
70.574974
70.574188
70.573547
70.573975
70.574585
70.574493
70.574219
70.574356
70.574463
70.574303
70.573921
70.573906
70.574219
70.574234
70.574287
70.574135
70.574402
70.574455
70.574287
70.574043
70.574585
70.575432
70.575996
70.576164
70.576180
70.576263
70.575584
70.575928
70.576546
70.576363
70.576469
70.576660
70.576729
70.576851
70.576523
70.577034
70.577324
70.577202
70.577179
70.577042
70.577225
70.577240
70.577049
70.577255
70.576591
70.576241
70.576431
70.576096
70.576645
70.576691
70.576752
70.576622
70.576553
70.576653
70.576340
70.576317
70.576630
70.576881
70.576241
70.576576
70.576897
70.576920
70.576759
70.577080
70.577072
70.577133
70.577538
70.577492
70.577225
70.577461
70.577393
70.577492
70.577538
70.577431
70.577202
70.577415
70.577171
70.577499
70.576851
70.577049
70.576866
70.576973
70.577309
70.577179
70.577194
70.577255
70.576927
70.576965
70.577293
70.577194
70.577194
70.577217
70.577271
70.577072
70.577377
70.577492
70.576965
70.576950
70.576889
70.576553
70.576820
70.576828
70.576851
70.576660
70.576767
70.576797
70.577019
70.576691
70.576378
70.576210
70.575951
70.575752
70.576477
70.576378
70.576241
70.576370
70.576248
70.576172
70.576202
70.576180
70.576302
70.576416
70.576271
70.576790
70.576698
70.577003
70.576843
70.576706
70.576904
70.577049
70.577148
70.577156
70.576805
70.576996
70.577278
70.577171
70.577492
70.577576
70.577789
70.576897
70.576759
70.576889
70.577133
70.576660
70.576927
70.576653
70.576859
70.576630
70.576790
70.576553
70.576469
70.576042
70.576622
70.576401
70.576057
70.576561
70.576439
70.576675
70.576561
70.576614
70.576599
70.576523
70.576752
70.577026
70.577217
70.577019
70.577065
70.576607
70.576958
70.576813
70.576630
70.576584
70.576546
70.576324
70.576172
70.576309
70.576180
70.576469
70.576538
70.576408
70.576645
70.576408
70.576431
70.576569
70.576515
70.576157
70.576126
70.575966
70.575920
70.576065
70.575897
70.576050
70.576233
70.576279
70.576004
70.575974
70.576019
70.575905
70.575653
70.575974
70.576202
70.576202
70.575935
70.576012
70.576401
70.576233
70.576805
70.576431
70.576424
70.576416
70.576668
70.576241
70.576157
70.576668
70.576149
70.576202
70.576332
70.576187
70.576180
70.576653
70.577095
70.577255
70.577194
70.577179
70.577332
70.577423
70.577477
70.577263
70.577126
70.576813
70.577057
70.577148
70.576904
70.577286
70.577034
70.576981
70.577171
70.576920
70.576668
70.576813
70.576492
70.576790
70.576637
70.576180
70.576241
70.576271
70.576630
70.576263
70.575996
70.575783
70.576317
70.576553
70.576591
70.576500
70.576439
70.576683
70.576935
70.576736
70.576782
70.576935
70.576630
70.576721
70.576576
70.576462
70.576256
70.576515
70.576370
70.576324
70.576385
70.576019
70.576218
70.576324
70.576309
70.576195
70.576340
70.576233
70.575775
70.575920
70.576096
70.576485
70.576241
70.576141
70.576012
70.576057
70.576332
70.576324
70.576355
70.576729
70.576347
70.576538
70.576523
70.576591
70.576523
70.576500
70.576691
70.576782
70.576546
70.576363
70.576454
70.576576
70.576485
70.576607
70.576859
70.576630
70.576584
70.576614
70.576614
70.576508
70.576988
70.576477
70.576454
70.576599
70.576767
70.576416
70.576660
70.576759
70.576813
70.576897
70.576698
70.577080
70.576851
70.576546
70.576492
70.576340
70.576019
70.576096
70.576485
70.576393
70.576385
70.576439
70.576729
70.576508
70.576584
70.576363
70.576584
70.576706
70.576393
70.576309
70.576546
70.576347
70.576057
70.576141
70.576332
70.576424
70.576431
70.576447
70.576126
70.576126
70.575874
70.575996
70.575989
70.575867
70.575951
70.575912
70.575851
70.575836
70.575813
70.575790
70.575676
70.575584
70.575752
70.575912
70.576324
70.576248
70.576286
70.576294
70.576347
70.576363
70.576050
70.576271
70.576279
70.576195
70.576363
70.576469
70.576302
70.576523
70.576172
70.576347
70.576294
70.576088
70.576424
70.576607
70.575859
70.575974
70.576202
70.575996
70.576080
70.575882
70.576164
70.576035
70.576134
70.576096
70.576080
70.575844
70.575882
70.575630
70.576088
70.576187
70.576134
70.576347
70.576096
70.575829
70.575500
70.575562
70.575706
70.575447
70.575836
70.575668
70.575714
70.575836
70.575546
70.575691
70.575722
70.575623
70.575874
70.575890
70.575623
70.575607
70.575867
70.575882
70.575661
70.575340
70.575806
70.575699
70.575958
70.576256
70.576180
70.576530
70.576607
70.576675
70.576553
70.576454
70.576279
70.576340
70.576225
70.576218
70.576195
70.576378
70.576073
70.575874
70.575966
70.576347
70.576202
70.576241
70.576195
70.576187
70.576431
70.576118
70.576241
70.576218
70.576599
70.576378
70.576546
70.576347
70.576340
70.576256
70.576370
70.576263
70.576569
70.576302
70.576180
70.575882
70.576149
70.576462
70.576370
70.576408
70.576523
70.576500
70.576477
70.576164
70.576347
70.576485
70.576561
70.576401
70.576263
70.576706
70.576698
70.576538
70.576118
70.575958
70.575859
70.575974
70.576035
70.575821
70.576019
70.576035
70.576141
70.576447
70.576515
70.576591
70.576523
70.576698
70.576668
70.576698
70.576675
70.577065
70.576988
70.576683
70.576630
70.576630
70.576645
70.576302
70.576180
70.576225
70.576660
70.576691
70.576599
70.576508
70.576469
70.576660
70.576439
70.576729
70.576881
70.576996
70.576782
70.576996
70.576881
70.576965
70.576965
70.576958
70.576828
70.577110
70.577057
70.577286
70.577011
70.576576
70.576813
70.576996
70.576851
70.576828
70.577011
70.576851
70.576683
70.576942
70.576965
70.576988
70.576752
70.577118
70.577026
70.577286
70.576942
70.576927
70.576981
70.576981
70.576935
70.577126
70.577011
70.576797
70.576660
70.576744
70.576546
70.576935
70.576775
70.576775
70.576836
70.576492
70.576614
70.576477
70.576523
70.576805
70.576538
70.576469
70.576538
70.576233
70.576225
70.576485
70.576584
70.576378
70.576530
70.576263
70.576286
70.576134
70.576073
70.576019
70.576157
70.576225
70.576263
70.576393
70.576180
70.576187
70.576118
70.576332
70.576088
70.575775
70.576263
70.576149
70.576271
70.576157
70.576027
70.576057
70.576363
70.575722
70.576180
70.576164
70.576157
70.575966
70.576004
70.575996
70.575928
70.576080
70.575966
70.575996
70.576164
70.575897
70.576012
70.576065
70.576096
70.575752
70.576004
70.575920
70.576141
70.575958
70.575783
70.575996
70.576019
70.576012
70.576019
70.576004
70.576012
70.576263
70.576096
70.575943
70.575981
70.575943
70.575974
70.575966
70.575920
70.576035
70.576233
70.576164
70.575844
70.575798
70.575943
70.576271
70.576187
70.576057
70.576019
70.575813
70.575562
70.575706
70.575989
70.576073
70.576004
70.575813
70.575836
70.575867
70.575912
70.576271
70.576027
70.576164
70.576073
70.576195
70.576225
70.576164
70.576050
70.576073
70.576218
70.576088
70.576202
70.576210
70.576012
70.576241
70.576157
70.576027
70.576057
70.576195
70.576111
70.576126
70.576096
70.576180
70.576256
70.575989
70.575829
70.575981
70.576088
70.575523
70.575607
70.575829
70.575638
70.575523
70.575607
70.575790
70.575623
70.575638
70.575455
70.575722
70.575912
70.575958
70.576134
70.576035
70.575996
70.575783
70.576012
70.576241
70.576057
70.575768
70.576012
70.575806
70.575890
70.576134
70.576019
70.575974
70.575851
70.575996
70.576004
70.575775
70.575600
70.575508
70.575493
70.575531
70.575539
70.575592
70.575447
70.575737
70.575478
70.575653
70.575562
70.575531
70.575600
70.575340
70.575371
70.575577
70.575645
70.575653
70.575600
70.575577
70.575294
70.575394
70.575478
70.575600
70.575455
70.575348
70.575569
70.575485
70.575508
70.575577
70.575684
70.575638
70.575340
70.575325
70.575371
70.575325
70.575600
70.575356
70.575447
70.575340
70.575432
70.575508
70.575615
70.575813
70.575874
70.575897
70.575935
70.575996
70.575836
70.575813
70.575607
70.575890
70.575905
70.575752
70.576004
70.575974
70.576042
70.576202
70.576363
70.576271
70.576233
70.576218
70.575790
70.575829
70.575745
70.575897
70.575798
70.575981
70.575813
70.575813
70.575424
70.575821
70.575607
70.575478
70.575615
70.575562
70.575500
70.575439
70.575508
70.575630
70.575439
70.575478
70.575615
70.575645
70.575592
70.575470
70.575668
70.575592
70.575981
70.575912
70.575951
70.575684
70.575569
70.575867
70.576019
70.575859
70.575981
70.576057
70.575951
70.575684
70.575462
70.575775
70.575974
70.575790
70.575806
70.576012
70.575897
70.576080
70.575905
70.575806
70.575943
70.576004
70.576096
70.576103
70.576042
70.576012
70.576012
70.576324
70.576256
70.576134
70.576019
70.576157
70.576111
70.576004
70.575935
70.575958
70.576263
70.576141
70.576248
70.576088
70.576218
70.576050
70.576050
70.576012
70.576103
70.576027
70.576172
70.576057
70.576103
70.576065
70.575768
70.575737
70.575920
70.576065
70.575989
70.575943
70.575722
70.575974
70.575890
70.576096
70.575752
70.576012
70.575974
70.575798
70.575821
70.575699
70.575562
70.575768
70.576118
70.576408
70.576218
70.576477
70.576164
70.576271
70.576393
70.576622
70.576477
70.576263
70.576210
70.576004
70.576103
70.576080
70.576103
70.576164
70.576080
70.576035
70.575783
70.576019
70.575775
70.575920
70.575943
70.575928
70.575760
70.575836
70.575630
70.575615
70.575401
70.575371
70.575447
70.575363
70.575706
70.575676
70.575577
70.575638
70.575493
70.575653
70.575615
70.575600
70.575714
70.575607
70.575661
70.575363
70.575401
70.575455
70.575546
70.575638
70.575607
70.575378
70.575600
70.575424
70.575439
70.575615
70.575623
70.575577
70.575630
70.575745
70.575821
70.575821
70.575874
70.575829
70.575920
70.575752
70.575684
70.575562
70.575630
70.575607
70.575600
70.575378
70.575523
70.575722
70.575851
70.575928
70.575775
70.575882
70.575912
70.575752
70.575890
70.575829
70.576103
70.576111
70.576332
70.576218
70.576141
70.576317
70.576256
70.576317
70.576263
70.576157
70.576202
70.575958
70.576088
70.576286
70.576103
70.575912
70.575844
70.575966
70.576271
70.576004
70.575912
70.575951
70.575844
70.575859
70.575897
70.575928
70.576042
70.575974
70.575920
70.575798
70.575829
70.575966
70.575851
70.575645
70.575768
70.575890
70.575920
70.575958
70.575851
70.576088
70.576012
70.576149
70.576035
70.576141
70.575951
70.576317
70.576385
70.576355
70.576172
70.576050
70.576210
70.576065
70.575867
70.575996
70.576141
70.576012
70.576111
70.576149
70.575935
70.576027
70.576180
70.575928
70.575882
70.576027
70.575989
70.576103
70.576210
70.576088
70.576057
70.576271
70.575943
70.576004
70.575836
70.576019
70.576050
70.576050
70.576225
70.576050
70.575958
70.575974
70.575989
70.576103
70.575943
70.575966
70.576035
70.575951
70.576057
70.576111
70.575943
70.576073
70.576134
70.575989
70.575821
70.575829
70.575859
70.575874
70.575920
70.576012
70.575935
70.575760
70.575600
70.575737
70.575760
70.575470
70.575638
70.575653
70.575623
70.575668
70.575951
70.576073
70.575829
70.576050
70.576057
70.575958
70.576057
70.576019
70.575951
70.575821
70.576088
70.575912
70.575790
70.575890
70.575577
70.575500
70.575470
70.575409
70.575661
70.575584
70.575821
70.575974
70.575829
70.575813
70.575844
70.575867
70.575836
70.575813
70.575836
70.575607
70.575829
70.575760
70.575836
70.575829
70.575600
70.575668
70.575516
70.575775
70.575943
70.575981
70.576103
70.576042
70.576019
70.575920
70.575943
70.576157
70.575951
70.576157
70.575958
70.575958
70.575851
70.575920
70.575737
70.575714
70.576088
70.575882
70.575798
70.575745
70.575714
70.575600
70.575729
70.575699
70.575531
70.575638
70.575554
70.575439
70.575424
70.575562
70.575546
70.575592
70.575554
70.575592
70.575478
70.575584
70.575630
70.575829
70.575951
70.575844
70.575806
70.575920
70.575790
70.575836
70.575836
70.575729
70.575836
70.575752
70.575661
70.575760
70.575676
70.575783
70.575943
70.575981
70.576019
70.575722
70.575806
70.575699
70.575989
70.575867
70.575722
70.575859
70.575813
70.575935
70.576027
70.575806
70.575974
70.575974
70.575829
70.576073
70.576134
70.576271
70.576019
70.575890
70.576096
70.576118
70.575951
70.576195
70.576225
70.576500
70.576241
70.576271
70.576370
70.576263
70.576256
70.576469
70.576515
70.576607
70.576469
70.576454
70.576401
70.576126
70.576263
70.576286
70.576035
70.576149
70.576004
70.576332
70.576118
70.576225
70.576248
70.576080
70.576012
70.576103
70.576141
70.576263
70.576248
70.576317
70.576385
70.576111
70.576347
70.576294
70.576172
70.576248
70.576439
70.576340
70.576523
70.576263
70.576370
70.576225
70.576340
70.576378
70.576477
70.576378
70.576263
70.576302
70.576279
70.576195
70.576164
70.576393
70.576408
70.576424
70.576241
70.576317
70.576263
70.576172
70.576309
70.576408
70.576698
70.576637
70.576363
70.576225
70.576263
70.576202
70.576370
70.576271
70.576347
70.576462
70.576530
70.576752
70.576538
70.576447
70.576225
70.576363
70.576607
70.576576
70.576630
70.576675
70.576538
70.576706
70.576767
70.576637
70.576614
70.576691
70.576797
70.576813
70.576736
70.576622
70.576790
70.576836
70.576797
70.576645
70.576675
70.576614
70.576324
70.576477
70.576576
70.576576
70.576454
70.576408
70.576424
70.576454
70.576508
70.576698
70.576736
70.576782
70.576599
70.576561
70.576622
70.576561
70.576431
70.576332
70.576302
70.576263
70.576210
70.576302
70.576202
70.576157
70.576263
70.576111
70.576149
70.576210
70.576279
70.576218
70.576279
70.576340
70.576111
70.576210
70.576309
70.576416
70.576469
70.576233
70.575996
70.575966
70.576195
70.576134
70.576103
70.576073
70.576302
70.576393
70.576424
70.576355
70.576355
70.576561
70.576500
70.576393
70.576393
70.576263
70.576500
70.576431
70.576180
70.576385
70.576523
70.576302
70.576324
70.576286
70.576393
70.576370
70.576347
70.576050
70.576172
70.576141
70.576248
70.576248
70.576103
70.576187
70.576050
70.576012
70.575935
70.575920
70.576035
70.576042
70.575890
70.575836
70.575851
70.575821
70.575912
70.576118
70.576103
70.576218
70.576202
70.576065
70.576004
70.576012
70.576073
70.575958
70.575935
70.575951
70.576050
70.576134
70.576172
70.576218
70.576256
70.576271
70.576218
70.576172
70.576225
70.576302
70.576210
70.576141
70.576134
70.576141
70.576042
70.576225
70.576355
70.576462
70.576675
70.576401
70.576454
70.576492
70.576370
70.576294
70.576317
70.576210
70.576508
70.576462
70.576378
70.576233
70.576317
70.576538
70.576416
70.576401
70.576424
70.576637
70.576561
70.576736
70.576645
70.576744
70.576668
70.576797
70.576775
70.576859
70.576859
70.576820
70.576630
70.576744
70.576820
70.576721
70.576782
70.576752
70.576653
70.576668
70.576790
70.576752
70.576706
70.576736
70.576706
70.576569
70.576660
70.576744
70.576637
70.576820
70.576576
70.576431
70.576515
70.576431
70.576569
70.576576
70.576614
70.576660
70.576508
70.576546
70.576385
70.576569
70.576614
70.576485
70.576294
70.576538
70.576439
70.576416
70.576439
70.576248
70.576225
70.576195
70.576164
70.576324
70.576248
70.576225
70.576431
70.576378
70.576164
70.576332
70.576363
70.576263
70.576340
70.576424
70.576500
70.576317
70.576294
70.576195
70.576241
70.576302
70.576241
70.576416
70.576286
70.576393
70.576263
70.576408
70.576378
70.576248
70.576256
70.576157
70.576210
70.576286
70.576378
70.576088
70.576111
70.576073
70.576057
70.576035
70.576195
70.576111
70.576096
70.576103
70.575920
70.575829
70.575928
70.576118
70.575928
70.576027
70.576096
70.576187
70.576324
70.576332
70.576294
70.576302
70.576393
70.576347
70.576149
70.576241
70.576294
70.576141
70.576180
70.576210
70.576187
70.576141
70.576218
70.576302
70.576355
70.576416
70.576591
70.576378
70.576538
70.576622
70.576553
70.576508
70.576454
70.576614
70.576538
70.576561
70.576363
70.576477
70.576447
70.576370
70.576370
70.576523
70.576385
70.576454
70.576569
70.576515
70.576569
70.576782
70.576500
70.576538
70.576599
70.576683
70.576492
70.576653
70.576515
70.576569
70.576614
70.576828
70.576698
70.576477
70.576653
70.576782
70.576637
70.576637
70.576706
70.576607
70.576813
70.576561
70.576714
70.576630
70.576637
70.576790
70.576813
70.576698
70.576752
70.576637
70.576874
70.576614
70.576637
70.576553
70.576561
70.576569
70.576668
70.576721
70.576744
70.576683
70.576660
70.576645
70.576797
70.576782
70.576752
70.576813
70.576797
70.576721
70.576729
70.576668
70.576782
70.576775
70.576691
70.576584
70.576485
70.576599
70.576256
70.576332
70.576431
70.576447
70.576515
70.576561
70.576546
70.576630
70.576645
70.576759
70.576561
70.576523
70.576614
70.576767
70.576714
70.576668
70.576599
70.576584
70.576622
70.576591
70.576736
70.576683
70.576744
70.576668
70.576790
70.576660
70.576820
70.576637
70.576691
70.576630
70.576691
70.576569
70.576645
70.576721
70.576843
70.576859
70.576904
70.576866
70.577019
70.577026
70.577019
70.577087
70.576942
70.577179
70.576935
70.576767
70.576752
70.576775
70.576881
70.576675
70.576729
70.576859
70.576874
70.576881
70.576973
70.576920
70.576790
70.577103
70.576958
70.576805
70.576973
70.576881
70.576912
70.576874
70.576973
70.576927
70.577042
70.576904
70.576828
70.576859
70.576965
70.576782
70.576881
70.576843
70.576828
70.576729
70.576675
70.576920
70.577019
70.577141
70.577103
70.576920
70.576981
70.576973
70.576904
70.577026
70.576828
70.576927
70.576836
70.576866
70.576744
70.576881
70.576843
70.576683
70.576645
70.576721
70.576736
70.576736
70.576927
70.576790
70.576843
70.576782
70.576874
70.576653
70.576668
70.576790
70.576958
70.576920
70.577194
70.576775
70.576859
70.576775
70.576683
70.576759
70.576805
70.576813
70.576851
70.576828
70.576981
70.577156
70.577202
70.577049
70.577133
70.577034
70.576973
70.576920
70.577118
70.577080
70.577072
70.576965
70.576920
70.576973
70.576920
70.576920
70.576744
70.576935
70.576912
70.576775
70.576790
70.576767
70.576828
70.576714
70.576736
70.576851
70.576736
70.576683
70.576782
70.576828
70.576721
70.576698
70.576828
70.576767
70.576912
70.576851
70.576828
70.576866
70.576813
70.576820
70.576820
70.576820
70.576912
70.576767
70.576820
70.576897
70.576660
70.576622
70.576614
70.576622
70.576614
70.576523
70.576523
70.576599
70.576393
70.576431
70.576469
70.576485
70.576553
70.576675
70.576637
70.576530
70.576492
70.576408
70.576523
70.576530
70.576683
70.576645
70.576668
70.576836
70.576744
70.576653
70.576637
70.576698
70.576752
70.576622
70.576622
70.576653
70.576790
70.576897
70.576660
70.576607
70.576553
70.576630
70.576889
70.576767
70.576599
70.576576
70.576660
70.576538
70.576454
70.576447
70.576736
70.576523
70.576492
70.576714
70.576561
70.576447
70.576546
70.576500
70.576599
70.576530
70.576591
70.576530
70.576546
70.576546
70.576485
70.576408
70.576416
70.576454
70.576523
70.576523
70.576530
70.576538
70.576462
70.576431
70.576447
70.576469
70.576477
70.576576
70.576614
70.576706
70.576714
70.576530
70.576492
70.576378
70.576508
70.576454
70.576530
70.576668
70.576637
70.576729
70.576569
70.576653
70.576759
70.576805
70.576744
70.576614
70.576668
70.576752
70.576637
70.576706
70.576744
70.576782
70.576828
70.576759
70.576622
70.576729
70.576790
70.576904
70.576881
70.576790
70.576683
70.576805
70.576950
70.576912
70.576927
70.576920
70.576958
70.577026
70.577019
70.577042
70.577126
70.577110
70.577103
70.576851
70.576927
70.576904
70.577042
70.577080
70.577057
70.577057
70.577087
70.577011
70.576950
70.576889
70.576828
70.576744
70.576889
70.576767
70.576836
70.576805
70.576927
70.576866
70.576683
70.576767
70.576714
70.576851
70.576813
70.576813
70.576904
70.576706
70.576714
70.576813
70.576828
70.576790
70.576630
70.576691
70.577042
70.576935
70.577080
70.577095
70.577118
70.577049
70.577164
70.577103
70.576996
70.576996
70.577110
70.577217
70.577133
70.577187
70.577194
70.577087
70.577110
70.577156
70.577187
70.576988
70.577324
70.577110
70.577110
70.577217
70.577179
70.577026
70.576927
70.577011
70.576859
70.576927
70.577019
70.577217
70.577087
70.576996
70.576920
70.577011
70.576965
70.576881
70.577011
70.577011
70.576797
70.577019
70.577003
70.576973
70.576881
70.576935
70.576920
70.576912
70.576813
70.576828
70.576584
70.576668
70.576668
70.576706
70.576874
70.577103
70.576942
70.576942
70.577011
70.577003
70.577034
70.577034
70.577080
70.577003
70.576904
70.576935
70.576805
70.576790
70.576920
70.576874
70.576675
70.576775
70.576767
70.576813
70.576637
70.576645
70.576530
70.576599
70.576668
70.576569
70.576553
70.576538
70.576622
70.576698
70.576576
70.576668
70.576706
70.576691
70.576813
70.576797
70.576714
70.576668
70.576576
70.576508
70.576637
70.576576
70.576530
70.576630
70.576691
70.576767
70.576660
70.576698
70.576797
70.576668
70.576622
70.576706
70.576782
70.576714
70.576614
70.576675
70.576775
70.576759
70.576706
70.576828
70.576797
70.576767
70.576904
70.576759
70.576775
70.576752
70.576675
70.576729
70.576683
70.576637
70.576614
70.576683
70.576759
70.576729
70.576653
70.576599
70.576698
70.576653
70.576477
70.576523
70.576447
70.576569
70.576691
70.576630
70.576691
70.576790
70.576790
70.576668
70.576714
70.576820
70.576729
70.576668
70.576584
70.576706
70.576698
70.576820
70.576843
70.576889
70.576950
70.576927
70.576942
70.577049
70.576950
70.577003
70.576988
70.577003
70.577087
70.577095
70.577141
70.577171
70.577087
70.577095
70.577171
70.577049
70.577171
70.577156
70.577293
70.577446
70.577377
70.577339
70.577538
70.577446
70.577538
70.577583
70.577484
70.577477
70.577431
70.577583
70.577393
70.577347
70.577370
70.577354
70.577438
70.577309
70.577362
70.577415
70.577309
70.577354
70.577415
70.577370
70.577400
70.577362
70.577286
70.577164
70.577232
70.577278
70.577347
70.577293
70.577377
70.577423
70.577560
70.577599
70.577461
70.577316
70.577263
70.577408
70.577553
70.577522
70.577614
70.577583
70.577385
70.577408
70.577454
70.577446
70.577400
70.577469
70.577507
70.577492
70.577309
70.577347
70.577286
70.577431
70.577408
70.577446
70.577332
70.577415
70.577522
70.577370
70.577332
70.577538
70.577484
70.577438
70.577553
70.577599
70.577545
70.577560
70.577545
70.577599
70.577667
70.577637
70.577606
70.577606
70.577576
70.577675
70.577461
70.577339
70.577370
70.577400
70.577339
70.577332
70.577271
70.577278
70.577278
70.577278
70.577293
70.577225
70.577393
70.577324
70.577171
70.577080
70.577141
70.577072
70.577080
70.577072
70.577003
70.577118
70.577110
70.577110
70.577126
70.577217
70.577065
70.577248
70.577408
70.577347
70.577324
70.577362
70.577377
70.577354
70.577316
70.577324
70.577133
70.577286
70.577255
70.577347
70.577332
70.577324
70.577309
70.577309
70.577271
70.577240
70.577316
70.577332
70.577400
70.577454
70.577545
70.577362
70.577461
70.577263
70.577301
70.577171
70.577232
70.577133
70.577179
70.577209
70.577065
70.577324
70.577286
70.577332
70.577171
70.577271
70.577225
70.577156
70.577164
70.577225
70.577164
70.577217
70.577156
70.577324
70.577240
70.577339
70.577209
70.577156
70.577301
70.577324
70.577385
70.577240
70.577354
70.577385
70.577469
70.577316
70.577209
70.577339
70.577286
70.577240
70.577171
70.577339
70.577454
70.577286
70.577194
70.577240
70.577263
70.577232
70.577454
70.577415
70.577454
70.577370
70.577446
70.577568
70.577538
70.577484
70.577560
70.577591
70.577469
70.577484
70.577667
70.577652
70.577553
70.577507
70.577629
70.577507
70.577591
70.577400
70.577415
70.577362
70.577484
70.577614
70.577522
70.577332
70.577370
70.577362
70.577278
70.577271
70.577408
70.577370
70.577232
70.577347
70.577263
70.577370
70.577370
70.577461
70.577477
70.577324
70.577248
70.577209
70.577232
70.577194
70.577217
70.577042
70.577194
70.577118
70.577194
70.577103
70.577255
70.577148
70.577278
70.577209
70.577187
70.577255
70.577202
70.577354
70.577278
70.577255
70.577301
70.577225
70.577133
70.577110
70.577164
70.577133
70.577019
70.577156
70.576996
70.576958
70.577095
70.577049
70.577011
70.576912
70.576973
70.576950
70.576973
70.576935
70.576965
70.576866
70.576958
70.577065
70.577080
70.577095
70.577011
70.576920
70.577164
70.577240
70.577141
70.577324
70.577217
70.577072
70.577110
70.576996
70.577156
70.577187
70.577248
70.577133
70.577164
70.577217
70.577156
70.577202
70.577148
70.577179
70.577156
70.577309
70.577187
70.577103
70.577049
70.577171
70.577118
70.577255
70.577225
70.577202
70.576881
70.577026
70.576965
70.576881
70.576912
70.577103
70.577087
70.577072
70.577110
70.577110
70.577225
70.577187
70.577278
70.577263
70.577271
70.577271
70.577316
70.577087
70.577026
70.577087
70.577095
70.577133
70.577164
70.577126
70.577194
70.577232
70.577164
70.577408
70.577110
70.577087
70.577019
70.576920
70.577042
70.577019
70.577042
70.577148
70.577110
70.577164
70.577202
70.577202
70.577110
70.577133
70.577248
70.577187
70.577179
70.577118
70.577202
70.577286
70.577255
70.577309
70.577255
70.577202
70.577187
70.577095
70.577042
70.577194
70.577118
70.577202
70.577148
70.577248
70.577217
70.577141
70.577217
70.577179
70.577148
70.577271
70.576965
70.576950
70.576912
70.576942
70.577026
70.576996
70.577019
70.576897
70.577019
70.576927
70.577049
70.577179
70.577126
70.577110
70.577240
70.577271
70.577263
70.577194
70.577271
70.577400
70.577354
70.577461
70.577431
70.577469
70.577347
70.577347
70.577293
70.577148
70.577271
70.577316
70.577263
70.577271
70.577171
70.577278
70.577042
70.577255
70.577049
70.577003
70.577103
70.577019
70.577164
70.577049
70.577042
70.577072
70.577148
70.577164
70.577164
70.577164
70.577095
70.577110
70.577148
70.577187
70.577042
70.577072
70.577011
70.577011
70.576950
70.576897
70.576889
70.576836
70.576912
70.577026
70.577057
70.576965
70.577095
70.577141
70.577110
70.577072
70.577080
70.577080
70.577034
70.577049
70.577003
70.576874
70.576904
70.576897
70.577034
70.576843
70.576874
70.576836
70.576775
70.576828
70.576805
70.576622
70.576691
70.576729
70.576813
70.576759
70.576874
70.576721
70.576599
70.576683
70.576729
70.576721
70.576767
70.576866
70.576691
70.576790
70.576790
70.576599
70.576729
70.576729
70.576668
70.576744
70.576820
70.576851
70.576836
70.576675
70.576767
70.576797
70.576927
70.576828
70.576889
70.576904
70.576897
70.576988
70.577019
70.577095
70.577011
70.577179
70.577156
70.577225
70.577133
70.577126
70.577141
70.577034
70.577049
70.577118
70.577156
70.577118
70.577118
70.577217
70.577263
70.577248
70.577171
70.577164
70.577171
70.577065
70.576912
70.576942
70.576942
70.576912
70.576797
70.576912
70.576752
70.576744
70.576820
70.576752
70.576859
70.576706
70.576744
70.576881
70.576744
70.576942
70.576897
70.576958
70.576859
70.576958
70.576958
70.576981
70.577011
70.576927
70.576996
70.577011
70.576904
70.576843
70.576744
70.576744
70.576752
70.576859
70.576881
70.576813
70.576828
70.576744
70.576790
70.576836
70.576683
70.576653
70.576668
70.576820
70.576767
70.576767
70.576736
70.576607
70.576744
70.576691
70.576881
70.576813
70.576645
70.576790
70.576866
70.576813
70.576752
70.576736
70.576813
70.577011
70.576851
70.576874
70.577034
70.576927
70.576996
70.576897
70.577049
70.576912
70.576813
70.576828
70.576889
70.576775
70.576797
70.576782
70.576904
70.576881
70.576767
70.576836
70.576874
70.576889
70.576820
70.576805
70.576767
70.576782
70.576775
70.576790
70.576729
70.576752
70.576752
70.576744
70.576645
70.576729
70.576607
70.576630
70.576523
70.576660
70.576645
70.576599
70.576675
70.576561
70.576500
70.576607
70.576775
70.576797
70.576767
70.576721
70.576820
70.576790
70.576683
70.576782
70.576805
70.576843
70.576729
70.576767
70.576920
70.576866
70.576904
70.576561
70.576645
70.576538
70.576660
70.576622
70.576866
70.576828
70.576767
70.576767
70.576691
70.576698
70.576759
70.576675
70.576591
70.576721
70.576675
70.576576
70.576515
70.576584
70.576546
70.576408
70.576500
70.576416
70.576546
70.576385
70.576416
70.576469
70.576477
70.576447
70.576454
70.576408
70.576462
70.576492
70.576591
70.576576
70.576653
70.576660
70.576744
70.576797
70.576653
70.576515
70.576782
70.576500
70.576546
70.576614
70.576706
70.576714
70.576691
70.576752
70.576904
70.576775
70.576813
70.576843
70.576836
70.576721
70.576553
70.576691
70.576553
70.576630
70.576614
70.576782
70.576836
70.576698
70.576675
70.576721
70.576759
70.576828
70.576813
70.576797
70.576904
70.576912
70.576820
70.576836
70.576920
70.576866
70.577019
70.576950
70.576797
70.576874
70.576675
70.576752
70.576790
70.576775
70.576851
70.576889
70.576973
70.576935
70.576950
70.577049
70.576996
70.576996
70.576836
70.576927
70.576950
70.577026
70.577065
70.577065
70.576950
70.576912
70.576767
70.576958
70.577026
70.576889
70.577019
70.576897
70.576942
70.576813
70.576859
70.576950
70.576981
70.577003
70.576996
70.576935
70.576920
70.576889
70.576935
70.576698
70.576721
70.576691
70.576721
70.576698
70.576889
70.576889
70.576836
70.576836
70.576759
70.576775
70.576729
70.576759
70.576561
70.576576
70.576553
70.576477
70.576477
70.576591
70.576630
70.576469
70.576569
70.576546
70.576675
70.576744
70.576706
70.576546
70.576630
70.576637
70.576599
70.576591
70.576584
70.576447
70.576576
70.576591
70.576736
70.576675
70.576691
70.576530
70.576691
70.576599
70.576561
70.576706
70.576576
70.576752
70.576706
70.576698
70.576797
70.576889
70.576828
70.576714
70.576714
70.576729
70.576759
70.576759
70.576851
70.576996
70.576912
70.576973
70.576958
70.577019
70.577003
70.577019
70.577042
70.576859
70.577042
70.576881
70.577057
70.577110
70.577217
70.577103
70.577240
70.577171
70.577118
70.576912
70.577049
70.577003
70.577080
70.577148
70.577133
70.577087
70.577187
70.577255
70.577271
70.577232
70.577202
70.577171
70.577072
70.577141
70.577187
70.577110
70.577225
70.577110
70.577042
70.576904
70.577034
70.577103
70.577103
70.577148
70.577080
70.577209
70.577126
70.577080
70.577156
70.577148
70.576988
70.577019
70.577118
70.576965
70.576973
70.577003
70.577126
70.577003
70.576920
70.576942
70.576859
70.576927
70.576889
70.576897
70.576820
70.576973
70.576912
70.576698
70.576744
70.576927
70.576942
70.576950
70.576920
70.576820
70.576843
70.576851
70.576820
70.577019
70.577042
70.577049
70.576981
70.577034
70.577042
70.576889
70.577049
70.576912
70.577026
70.577019
70.577087
70.576988
70.577110
70.577187
70.577141
70.577141
70.577187
70.577126
70.577103
70.577049
70.577171
70.577011
70.577049
70.577057
70.577171
70.577148
70.577332
70.577164
70.577156
70.577080
70.577080
70.577042
70.576950
70.577003
70.577133
70.576958
70.577156
70.577118
70.577065
70.577026
70.577133
70.577171
70.576996
70.577049
70.576973
70.576942
70.577019
70.577087
70.577026
70.577133
70.577065
70.577057
70.577164
70.577087
70.577110
70.577118
70.577026
70.577110
70.577103
70.577148
70.577156
70.577133
70.577003
70.577087
70.577087
70.577187
70.577103
70.577240
70.577209
70.577263
70.577057
70.577080
70.577042
70.577110
70.577080
70.577095
70.577278
70.577087
70.577003
70.577003
70.576981
70.576851
70.576920
70.577087
70.576988
70.577133
70.577034
70.577042
70.577148
70.577202
70.577133
70.577179
70.577011
70.577057
70.577080
70.577072
70.577103
70.577095
70.577148
70.577248
70.577316
70.577301
70.577286
70.577271
70.577217
70.577194
70.577354
70.577248
70.577255
70.577293
70.577187
70.577286
70.577293
70.577271
70.577263
70.577209
70.577332
70.577354
70.577240
70.577110
70.577065
70.577148
70.577293
70.577316
70.577278
70.577309
70.577278
70.577324
70.577278
70.577286
70.577316
70.577263
70.577286
70.577347
70.577469
70.577469
70.577446
70.577354
70.577408
70.577477
70.577415
70.577553
70.577469
70.577431
70.577522
70.577408
70.577446
70.577454
70.577423
70.577354
70.577347
70.577415
70.577522
70.577446
70.577423
70.577339
70.577362
70.577454
70.577423
70.577477
70.577332
70.577385
70.577408
70.577347
70.577423
70.577309
70.577271
70.577400
70.577370
70.577301
70.577316
70.577347
70.577316
70.577477
70.577469
70.577484
70.577415
70.577423
70.577522
70.577461
70.577461
70.577499
70.577545
70.577400
70.577377
70.577293
70.577293
70.577332
70.577202
70.577217
70.577225
70.577393
70.577271
70.577240
70.577141
70.577095
70.577217
70.577065
70.577072
70.576950
70.576935
70.577003
70.577171
70.577019
70.577049
70.576950
70.577026
70.576942
70.577042
70.576889
70.576889
70.576851
70.576912
70.576942
70.576889
70.576965
70.576866
70.576897
70.576790
70.576866
70.576958
70.576950
70.576942
70.576942
70.577019
70.577003
70.577065
70.577217
70.577148
70.577080
70.577003
70.577095
70.577065
70.577065
70.577110
70.577026
70.577011
70.576965
70.576805
70.576797
70.576805
70.576897
70.576912
70.576958
70.577019
70.577026
70.576935
70.577148
70.577179
70.577217
70.577148
70.577202
70.577164
70.577156
70.577133
70.577202
70.577194
70.577141
70.577255
70.577332
70.577217
70.577209
70.577278
70.577263
70.577248
70.577370
70.577362
70.577347
70.577232
70.577209
70.577194
70.577133
70.577232
70.577423
70.577408
70.577187
70.577217
70.577179
70.577293
70.577263
70.577286
70.577209
70.577339
70.577301
70.577225
70.577217
70.577187
70.577179
70.577156
70.577133
70.576981
70.577141
70.576988
70.577019
70.576942
70.576920
70.576942
70.576927
70.576981
70.577026
70.576996
70.576920
70.577011
70.577065
70.577003
70.576920
70.576836
70.576744
70.576698
70.576653
70.576866
70.576660
70.576653
70.576683
70.576584
70.576645
70.576630
70.576538
70.576744
70.576645
70.576523
70.576797
70.576759
70.576813
70.576744
70.576767
70.576668
70.576653
70.576775
70.576782
70.576813
70.576797
70.576759
70.576767
70.576851
70.576897
70.576859
70.576942
70.577003
70.576874
70.576927
70.576843
70.576843
70.576805
70.576897
70.576820
70.576836
70.576965
70.576973
70.576828
70.576935
70.576698
70.576828
70.576767
70.576752
70.576797
70.576805
70.576752
70.576660
70.576698
70.576698
70.576721
70.576698
70.576637
70.576660
70.576714
70.576691
70.576683
70.576942
70.577003
70.576912
70.576874
70.576965
70.576775
70.576790
70.576767
70.576828
70.576859
70.576813
70.576851
70.576828
70.576958
70.576904
70.576797
70.576805
70.576920
70.576820
70.576874
70.576965
70.576942
70.576950
70.576866
70.576813
70.576866
70.577003
70.576859
70.576920
70.576912
70.576927
70.576973
70.577026
70.576942
70.576973
70.576935
70.576988
70.576836
70.576927
70.577003
70.576965
70.577049
70.576927
70.576981
70.577011
70.576950
70.576859
70.576889
70.576973
70.576942
70.577003
70.576942
70.576996
70.576996
70.576958
70.576881
70.576942
70.576874
70.576927
70.577003
70.577019
70.577087
70.577011
70.577042
70.577065
70.577080
70.577095
70.577026
70.576973
70.577156
70.577133
70.577148
70.577225
70.577202
70.577011
70.577057
70.577072
70.577065
70.577019
70.577026
70.576958
70.577057
70.576965
70.577042
70.577011
70.577080
70.577019
70.576988
70.576920
70.577110
70.577156
70.577171
70.577103
70.576988
70.576912
70.576897
70.576996
70.577148
70.577156
70.577171
70.577095
70.577110
70.576973
70.577080
70.577072
70.576942
70.576942
70.576965
70.576988
70.577003
70.577034
70.577034
70.577118
70.577095
70.577049
70.577080
70.577103
70.577057
70.577126
70.577148
70.577049
70.577080
70.577049
70.577019
70.576965
70.576965
70.576988
70.576996
70.576981
70.577065
70.577072
70.577019
70.576920
70.576836
70.576897
70.576889
70.577011
70.576904
70.576958
70.576790
70.576767
70.576874
70.576904
70.576942
70.576790
70.576759
70.576767
70.576904
70.576782
70.576790
70.576836
70.576797
70.576904
70.576958
70.576973
70.576912
70.576904
70.576950
70.577019
70.577065
70.577118
70.577141
70.577225
70.577194
70.577080
70.577011
70.577049
70.577110
70.577141
70.577179
70.577248
70.577248
70.577187
70.577026
70.577118
70.577118
70.577209
70.577042
70.577026
70.577087
70.577187
70.577171
70.577164
70.577179
70.577103
70.577042
70.577126
70.577019
70.577042
70.577019
70.577095
70.577087
70.577095
70.577148
70.576996
70.576950
70.576950
70.576981
70.576973
70.576958
70.577042
70.576973
70.576935
70.577019
70.577011
70.577049
70.577080
70.577049
70.576973
70.576927
70.576904
70.576996
70.576889
70.577019
70.576981
70.576881
70.576874
70.576897
70.576881
70.576843
70.576981
70.577103
70.577072
70.577057
70.577049
70.577034
70.577003
70.576973
70.576897
70.577019
70.577049
70.576950
70.576981
70.576889
70.577026
70.576965
70.576981
70.577011
70.576920
70.576981
70.576935
70.576942
70.576996
70.577141
70.577080
70.576958
70.577133
70.577217
70.577156
70.577126
70.577110
70.577057
70.577126
70.577171
70.577034
70.577110
70.576942
70.577065
70.576889
70.576981
70.577042
70.577034
70.577011
70.576965
70.576866
70.576797
70.576729
70.576828
70.576981
70.576828
70.576881
70.576836
70.576759
70.576950
70.576904
70.576920
70.577011
70.577072
70.576996
70.577011
70.577042
70.577110
70.577087
70.577026
70.577133
70.577156
70.577072
70.577141
70.577103
70.577148
70.577179
70.577148
70.577133
70.577080
70.577042
70.577095
70.577042
70.577103
70.577019
70.577156
70.577240
70.577232
70.577248
70.577225
70.577148
70.577133
70.577293
70.577248
70.577278
70.577263
70.577148
70.577171
70.577202
70.577240
70.577141
70.577110
70.577209
70.577095
70.577133
70.577171
70.577065
70.577003
70.577080
70.577057
70.577133
70.577110
70.577080
70.577217
70.577271
70.577309
70.577133
70.577293
70.577217
70.577171
70.577240
70.577316
70.577324
70.577286
70.577248
70.577171
70.577324
70.577370
70.577232
70.577316
70.577225
70.577080
70.577087
70.577126
70.577042
70.577118
70.577209
70.577248
70.577179
70.577019
70.577095
70.577095
70.577179
70.577126
70.577110
70.577248
70.577209
70.577209
70.577202
70.577209
70.577339
70.577248
70.577057
70.577187
70.577110
70.577179
70.577194
70.577255
70.577232
70.577255
70.577156
70.577324
70.577164
70.577126
70.577225
70.577156
70.577202
70.577194
70.577187
70.577179
70.577278
70.577278
70.577316
70.577225
70.577232
70.577324
70.577278
70.577217
70.577118
70.577133
70.577324
70.577209
70.577278
70.577179
70.577309
70.577347
70.577301
70.577309
70.577103
70.577087
70.577148
70.577072
70.577156
70.577049
70.577118
70.577042
70.577095
70.577179
70.577179
70.577171
70.577194
70.577110
70.576996
70.576988
70.577003
70.577141
70.577126
70.577118
70.577034
70.577118
70.577187
70.577187
70.577156
70.577126
70.577179
70.577278
70.577362
70.577248
70.577286
70.577202
70.577271
70.577225
70.577301
70.577179
70.577217
70.577232
70.577332
70.577293
70.577324
70.577385
70.577324
70.577263
70.577293
70.577293
70.577194
70.577301
70.577309
70.577248
70.577362
70.577217
70.577248
70.577194
70.577271
70.577461
70.577400
70.577423
70.577408
70.577393
70.577324
70.577438
70.577286
70.577301
70.577240
70.577187
70.577248
70.577263
70.577332
70.577286
70.577347
70.577408
70.577354
70.577286
70.577354
70.577255
70.577339
70.577393
70.577377
70.577347
70.577393
70.577385
70.577393
70.577415
70.577225
70.577316
70.577248
70.577354
70.577400
70.577370
70.577377
70.577438
70.577286
70.577309
70.577187
70.577286
70.577316
70.577232
70.577042
70.577179
70.577118
70.577110
70.577156
70.577263
70.577209
70.577156
70.577293
70.577187
70.577255
70.577263
70.577248
70.577248
70.577255
70.577148
70.577248
70.577278
70.577362
70.577385
70.577370
70.577393
70.577309
70.577377
70.577309
70.577301
70.577423
70.577248
70.577293
70.577209
70.577179
70.577110
70.577164
70.577080
70.577087
70.577141
70.577110
70.577087
70.577072
70.577080
70.577003
70.577042
70.577026
70.577080
70.577217
70.577362
70.577347
70.577354
70.577232
70.577118
70.577087
70.577110
70.577095
70.577065
70.577141
70.577049
70.577133
70.577057
70.577042
70.576988
70.577080
70.577087
70.577118
70.577133
70.577126
70.577232
70.577095
70.576996
70.576981
70.577042
70.577095
70.577095
70.577034
70.577034
70.576988
70.577049
70.577156
70.577187
70.577126
70.577080
70.577126
70.577118
70.577095
70.577087
70.577095
70.577164
70.577225
70.577141
70.577164
70.577232
70.577164
70.577126
70.577164
70.577202
70.577148
70.577187
70.577171
70.577171
70.577263
70.577194
70.577263
70.577179
70.577263
70.577278
70.577209
70.577202
70.577400
70.577286
70.577316
70.577370
70.577385
70.577393
70.577324
70.577400
70.577248
70.577255
70.577209
70.577232
70.577271
70.577126
70.577087
70.577217
70.577240
70.577202
70.577271
70.577301
70.577110
70.577217
70.577339
70.577316
70.577141
70.577164
70.577019
70.577156
70.577126
70.577179
70.577179
70.577332
70.577263
70.577271
70.577209
70.577133
70.577354
70.577316
70.577202
70.577187
70.577232
70.577347
70.577217
70.577286
70.577324
70.577263
70.577194
70.577271
70.577423
70.577324
70.577293
70.577263
70.577423
70.577286
70.577370
70.577393
70.577301
70.577393
70.577423
70.577370
70.577324
70.577316
70.577377
70.577484
70.577354
70.577408
70.577354
70.577393
70.577522
70.577515
70.577438
70.577492
70.577545
70.577484
70.577599
70.577614
70.577576
70.577477
70.577492
70.577454
70.577530
70.577499
70.577553
70.577560
70.577591
70.577461
70.577477
70.577415
70.577454
70.577454
70.577492
70.577477
70.577538
70.577469
70.577522
70.577492
70.577393
70.577415
70.577477
70.577393
70.577400
70.577293
70.577408
70.577415
70.577332
70.577263
70.577278
70.577316
70.577370
70.577438
70.577408
70.577499
70.577415
70.577263
70.577286
70.577255
70.577240
70.577324
70.577248
70.577179
70.577324
70.577293
70.577179
70.577271
70.577339
70.577362
70.577286
70.577278
70.577209
70.577202
70.577293
70.577255
70.577202
70.577080
70.577209
70.577148
70.577164
70.577110
70.577118
70.577126
70.577179
70.577164
70.577202
70.577187
70.577072
70.577126
70.577141
70.577042
70.577118
70.577179
70.577309
70.577316
70.577354
70.577370
70.577362
70.577324
70.577301
70.577156
70.577232
70.577141
70.577194
70.577080
70.577316
70.577209
70.577309
70.577278
70.577171
70.577164
70.577240
70.577217
70.577133
70.577133
70.577171
70.577156
70.577225
70.577072
70.577271
70.577293
70.577271
70.577187
70.577240
70.577164
70.577026
70.577164
70.577034
70.577042
70.577057
70.577072
70.577126
70.577003
70.577133
70.577156
70.577156
70.577087
70.577019
70.577072
70.577072
70.577034
70.577019
70.577034
70.576981
70.577095
70.577179
70.577164
70.577065
70.577141
70.577057
70.577164
70.577080
70.577110
70.577103
70.577087
70.577156
70.577255
70.577354
70.577354
70.577286
70.577332
70.577286
70.577271
70.577255
70.577187
70.577126
70.577263
70.577324
70.577248
70.577278
70.577469
70.577385
70.577324
70.577332
70.577393
70.577347
70.577362
70.577370
70.577316
70.577370
70.577301
70.577293
70.577377
70.577408
70.577446
70.577553
70.577446
70.577370
70.577431
70.577492
70.577469
70.577499
70.577515
70.577492
70.577652
70.577606
70.577644
70.577560
70.577469
70.577438
70.577370
70.577362
70.577423
70.577461
70.577446
70.577484
70.577515
70.577553
70.577515
70.577652
70.577682
70.577621
70.577576
70.577431
70.577522
70.577538
70.577499
70.577446
70.577400
70.577393
70.577400
70.577438
70.577530
70.577560
70.577492
70.577568
70.577644
70.577644
70.577545
70.577515
70.577477
70.577461
70.577385
70.577309
70.577293
70.577362
70.577454
70.577446
70.577530
70.577393
70.577454
70.577484
70.577499
70.577522
70.577461
70.577614
70.577599
70.577621
70.577667
70.577705
70.577652
70.577545
70.577538
70.577637
70.577599
70.577553
70.577660
70.577560
70.577576
70.577522
70.577515
70.577431
70.577522
70.577644
70.577629
70.577667
70.577644
70.577652
70.577652
70.577629
70.577614
70.577637
70.577782
70.577766
70.577774
70.577805
70.577690
70.577621
70.577644
70.577713
70.577583
70.577614
70.577545
70.577576
70.577614
70.577583
70.577568
70.577469
70.577507
70.577438
70.577477
70.577431
70.577507
70.577362
70.577522
70.577438
70.577492
70.577606
70.577461
70.577515
70.577469
70.577408
70.577469
70.577469
70.577530
70.577522
70.577583
70.577538
70.577507
70.577492
70.577660
70.577431
70.577538
70.577454
70.577423
70.577499
70.577484
70.577477
70.577522
70.577400
70.577454
70.577339
70.577454
70.577423
70.577454
70.577507
70.577499
70.577484
70.577423
70.577408
70.577499
70.577599
70.577530
70.577538
70.577484
70.577553
70.577568
70.577415
70.577477
70.577408
70.577492
70.577507
70.577583
70.577599
70.577698
70.577690
70.577721
70.577667
70.577515
70.577538
70.577515
70.577454
70.577499
70.577538
70.577538
70.577507
70.577538
70.577393
70.577446
70.577415
70.577499
70.577530
70.577446
70.577301
70.577415
70.577492
70.577515
70.577438
70.577553
70.577545
70.577568
70.577568
70.577538
70.577515
70.577515
70.577591
70.577599
70.577606
70.577774
70.577812
70.577713
70.577751
70.577682
70.577660
70.577736
70.577675
70.577675
70.577660
70.577637
70.577667
70.577713
70.577721
70.577599
70.577644
70.577637
70.577660
70.577599
70.577644
70.577705
70.577660
70.577637
70.577682
70.577637
70.577705
70.577637
70.577568
70.577583
70.577728
70.577675
70.577766
70.577782
70.577736
70.577614
70.577637
70.577751
70.577759
70.577797
70.577652
70.577682
70.577667
70.577660
70.577637
70.577759
70.577682
70.577705
70.577660
70.577805
70.577827
70.577744
70.577827
70.577759
70.577766
70.577629
70.577721
70.577728
70.577797
70.577713
70.577690
70.577698
70.577667
70.577705
70.577667
70.577606
70.577621
70.577621
70.577621
70.577614
70.577736
70.577728
70.577812
70.577797
70.577866
70.577866
70.577736
70.577820
70.577850
70.577896
70.577896
70.577766
70.577766
70.577736
70.577660
70.577744
70.577682
70.577690
70.577698
70.577797
70.577774
70.577744
70.577805
70.577713
70.577744
70.577744
70.577721
70.577812
70.577682
70.577789
70.577805
70.577789
70.577728
70.577774
70.577759
70.577713
70.577789
70.577797
70.577858
70.577866
70.577797
70.577812
70.577713
70.577797
70.577797
70.577744
70.577766
70.577713
70.577782
70.577782
70.577766
70.577805
70.577705
70.577766
70.577682
70.577736
70.577736
70.577591
70.577660
70.577560
70.577682
70.577591
70.577530
70.577538
70.577614
70.577538
70.577530
70.577614
70.577614
70.577568
70.577614
70.577499
70.577484
70.577568
70.577629
70.577682
70.577652
70.577637
70.577728
70.577698
70.577759
70.577766
70.577797
70.577774
70.577774
70.577766
70.577736
70.577789
70.577736
70.577774
70.577744
70.577682
70.577744
70.577782
70.577690
70.577827
70.577774
70.577759
70.577736
70.577682
70.577652
70.577675
70.577713
70.577682
70.577797
70.577698
70.577538
70.577576
70.577576
70.577652
70.577698
70.577660
70.577606
70.577583
70.577553
70.577560
70.577591
70.577629
70.577576
70.577484
70.577606
70.577637
70.577492
70.577545
70.577560
70.577553
70.577499
70.577454
70.577469
70.577370
70.577362
70.577370
70.577492
70.577492
70.577446
70.577553
70.577461
70.577446
70.577515
70.577477
70.577606
70.577477
70.577560
70.577629
70.577637
70.577629
70.577560
70.577492
70.577454
70.577568
70.577507
70.577499
70.577438
70.577583
70.577530
70.577454
70.577477
70.577415
70.577423
70.577530
70.577461
70.577522
70.577469
70.577484
70.577545
70.577477
70.577545
70.577599
70.577438
70.577484
70.577492
70.577415
70.577515
70.577400
70.577385
70.577377
70.577362
70.577393
70.577438
70.577461
70.577522
70.577522
70.577492
70.577515
70.577492
70.577560
70.577461
70.577423
70.577469
70.577370
70.577461
70.577408
70.577354
70.577454
70.577446
70.577454
70.577461
70.577446
70.577507
70.577324
70.577347
70.577484
70.577339
70.577332
70.577293
70.577309
70.577271
70.577339
70.577278
70.577354
70.577354
70.577240
70.577301
70.577263
70.577271
70.577202
70.577263
70.577225
70.577194
70.577278
70.577263
70.577255
70.577347
70.577316
70.577377
70.577370
70.577332
70.577286
70.577301
70.577255
70.577278
70.577286
70.577377
70.577339
70.577248
70.577202
70.577240
70.577347
70.577362
70.577255
70.577339
70.577316
70.577232
70.577339
70.577271
70.577400
70.577309
70.577316
70.577293
70.577278
70.577255
70.577217
70.577400
70.577400
70.577347
70.577324
70.577339
70.577240
70.577309
70.577278
70.577362
70.577240
70.577255
70.577301
70.577301
70.577354
70.577339
70.577278
70.577286
70.577332
70.577408
70.577393
70.577454
70.577423
70.577286
70.577293
70.577339
70.577332
70.577286
70.577408
70.577400
70.577545
70.577499
70.577438
70.577347
70.577377
70.577393
70.577354
70.577393
70.577446
70.577454
70.577377
70.577362
70.577370
70.577385
70.577484
70.577400
70.577385
70.577423
70.577347
70.577370
70.577370
70.577370
70.577332
70.577370
70.577293
70.577324
70.577171
70.577202
70.577171
70.577202
70.577263
70.577248
70.577293
70.577332
70.577408
70.577377
70.577423
70.577293
70.577370
70.577301
70.577377
70.577232
70.577278
70.577324
70.577415
70.577400
70.577438
70.577492
70.577431
70.577393
70.577461
70.577454
70.577538
70.577393
70.577530
70.577454
70.577362
70.577415
70.577377
70.577415
70.577431
70.577446
70.577515
70.577507
70.577415
70.577492
70.577515
70.577522
70.577538
70.577492
70.577553
70.577583
70.577591
70.577477
70.577423
70.577484
70.577606
70.577415
70.577461
70.577446
70.577385
70.577400
70.577446
70.577431
70.577438
70.577415
70.577423
70.577469
70.577515
70.577591
70.577499
70.577560
70.577599
70.577484
70.577553
70.577545
70.577545
70.577515
70.577438
70.577393
70.577477
70.577339
70.577492
70.577446
70.577438
70.577477
70.577606
70.577530
70.577538
70.577484
70.577461
70.577408
70.577438
70.577484
70.577362
70.577499
70.577415
70.577446
70.577545
70.577484
70.577499
70.577431
70.577393
70.577515
70.577553
70.577545
70.577522
70.577347
70.577385
70.577484
70.577415
70.577515
70.577408
70.577515
70.577347
70.577309
70.577309
70.577309
70.577286
70.577286
70.577347
70.577217
70.577209
70.577309
70.577232
70.577179
70.577164
70.577118
70.577103
70.577110
70.577148
70.577080
70.577110
70.577072
70.577164
70.577171
70.577095
70.577171
70.577141
70.577240
70.577164
70.577118
70.577110
70.577232
70.577301
70.577301
70.577271
70.577164
70.577217
70.577148
70.577271
70.577202
70.577194
70.577232
70.577286
70.577225
70.577225
70.577095
70.577179
70.577042
70.577126
70.577003
70.577126
70.577156
70.577095
70.577126
70.577110
70.576988
70.577065
70.576958
70.577034
70.576950
70.576973
70.576942
70.577042
70.577164
70.577065
70.577141
70.577118
70.577110
70.577080
70.577118
70.577011
70.577095
70.577057
70.577042
70.576958
70.576973
70.577003
70.577065
70.577034
70.576973
70.577019
70.576942
70.576843
70.576889
70.576851
70.576843
70.576790
70.576813
70.576851
70.576897
70.576881
70.576950
70.576935
70.576912
70.576889
70.576897
70.576828
70.576775
70.576797
70.576775
70.576912
70.576820
70.576851
70.576805
70.576866
70.576866
70.576714
70.576729
70.576836
70.576912
70.577011
70.576965
70.577003
70.576958
70.577095
70.577026
70.577003
70.577057
70.577087
70.577103
70.577194
70.577118
70.577126
70.577118
70.577057
70.577034
70.577072
70.577042
70.576920
70.576912
70.576965
70.577026
70.576965
70.576973
70.577019
70.577003
70.577141
70.577042
70.577057
70.577103
70.577087
70.577148
70.577034
70.576950
70.577057
70.577072
70.577103
70.577110
70.577225
70.577255
70.577232
70.577408
70.577263
70.577202
70.577324
70.577293
70.577301
70.577278
70.577202
70.577293
70.577194
70.577354
70.577370
70.577339
70.577240
70.577187
70.577286
70.577309
70.577332
70.577362
70.577385
70.577393
70.577423
70.577301
70.577332
70.577354
70.577255
70.577209
70.577301
70.577332
70.577370
70.577301
70.577339
70.577408
70.577347
70.577347
70.577385
70.577370
70.577362
70.577438
70.577438
70.577446
70.577408
70.577492
70.577469
70.577393
70.577339
70.577362
70.577415
70.577263
70.577362
70.577248
70.577263
70.577248
70.577286
70.577286
70.577339
70.577263
70.577278
70.577278
70.577232
70.577248
70.577263
70.577187
70.577240
70.577286
70.577339
70.577370
70.577347
70.577347
70.577408
70.577385
70.577370
70.577362
70.577400
70.577431
70.577423
70.577446
70.577263
70.577278
70.577271
70.577316
70.577293
70.577332
70.577271
70.577393
70.577454
70.577385
70.577362
70.577499
70.577423
70.577431
70.577271
70.577332
70.577332
70.577293
70.577362
70.577332
70.577522
70.577393
70.577446
70.577393
70.577423
70.577377
70.577316
70.577385
70.577217
70.577286
70.577347
70.577271
70.577332
70.577232
70.577240
70.577263
70.577324
70.577263
70.577202
70.577232
70.577202
70.577194
70.577118
70.577118
70.577187
70.577248
70.577309
70.577248
70.577278
70.577293
70.577217
70.577271
70.577316
70.577316
70.577377
70.577332
70.577217
70.577209
70.577293
70.577179
70.577225
70.577187
70.577126
70.577103
70.577194
70.577164
70.577194
70.577194
70.577209
70.577194
70.577255
70.577187
70.577164
70.577156
70.577263
70.577187
70.577179
70.577148
70.577156
70.577141
70.577179
70.577232
70.577194
70.577278
70.577217
70.577164
70.577232
70.577301
70.577232
70.577217
70.577156
70.577187
70.577248
70.577271
70.577316
70.577271
70.577377
70.577232
70.577263
70.577263
70.577179
70.577271
70.577278
70.577217
70.577133
70.577194
70.577126
70.577156
70.577126
70.577209
70.577271
70.577263
70.577209
70.577232
70.577301
70.577293
70.577225
70.577171
70.577034
70.577126
70.577133
70.577248
70.577240
70.577217
70.577255
70.577301
70.577362
70.577339
70.577278
70.577286
70.577255
70.577271
70.577324
70.577339
70.577248
70.577286
70.577324
70.577301
70.577179
70.577187
70.577248
70.577271
70.577263
70.577209
70.577209
70.577293
70.577278
70.577339
70.577293
70.577301
70.577293
70.577263
70.577225
70.577240
70.577248
70.577370
70.577286
70.577316
70.577209
70.577209
70.577179
70.577271
70.577271
70.577385
70.577301
70.577240
70.577232
70.577232
70.577309
70.577271
70.577393
70.577347
70.577393
70.577431
70.577408
70.577263
70.577393
70.577309
70.577354
70.577301
70.577347
70.577309
70.577370
70.577339
70.577309
70.577393
70.577415
70.577293
70.577446
70.577515
70.577553
70.577499
70.577469
70.577393
70.577408
70.577415
70.577400
70.577278
70.577271
70.577278
70.577309
70.577324
70.577423
70.577408
70.577377
70.577370
70.577278
70.577263
70.577209
70.577232
70.577301
70.577209
70.577171
70.577194
70.577217
70.577248
70.577187
70.577209
70.577263
70.577225
70.577148
70.577171
70.577278
70.577271
70.577286
70.577202
70.577194
70.577232
70.577240
70.577263
70.577316
70.577354
70.577316
70.577377
70.577469
70.577362
70.577415
70.577354
70.577415
70.577545
70.577461
70.577415
70.577431
70.577446
70.577454
70.577446
70.577560
70.577530
70.577469
70.577576
70.577621
70.577682
70.577629
70.577667
70.577606
70.577591
70.577553
70.577545
70.577431
70.577530
70.577484
70.577461
70.577545
70.577507
70.577469
70.577477
70.577393
70.577438
70.577377
70.577339
70.577377
70.577354
70.577339
70.577438
70.577454
70.577553
70.577522
70.577507
70.577545
70.577492
70.577400
70.577499
70.577400
70.577515
70.577446
70.577499
70.577522
70.577385
70.577461
70.577446
70.577446
70.577423
70.577461
70.577507
70.577522
70.577499
70.577553
70.577637
70.577698
70.577530
70.577553
70.577461
70.577545
70.577629
70.577606
70.577522
70.577599
70.577599
70.577553
70.577553
70.577591
70.577530
70.577530
70.577438
70.577423
70.577469
70.577461
70.577454
70.577423
70.577484
70.577591
70.577599
70.577538
70.577530
70.577545
70.577499
70.577461
70.577522
70.577377
70.577393
70.577309
70.577446
70.577370
70.577446
70.577377
70.577446
70.577301
70.577377
70.577324
70.577255
70.577385
70.577400
70.577377
70.577446
70.577446
70.577499
70.577553
70.577507
70.577522
70.577469
70.577461
70.577469
70.577431
70.577446
70.577431
70.577385
70.577332
70.577354
70.577309
70.577362
70.577499
70.577499
70.577499
70.577667
70.577675
70.577736
70.577621
70.577713
70.577705
70.577766
70.577751
70.577652
70.577576
70.577545
70.577522
70.577576
70.577675
70.577599
70.577736
70.577682
70.577705
70.577774
70.577812
70.577675
70.577652
70.577583
70.577576
70.577576
70.577667
70.577644
70.577637
70.577652
70.577682
70.577583
70.577629
70.577667
70.577591
70.577583
70.577553
70.577591
70.577576
70.577530
70.577415
70.577461
70.577553
70.577553
70.577538
70.577522
70.577545
70.577515
70.577522
70.577499
70.577614
70.577553
70.577469
70.577499
70.577454
70.577538
70.577545
70.577576
70.577454
70.577477
70.577431
70.577469
70.577545
70.577538
70.577499
70.577522
70.577545
70.577576
70.577522
70.577629
70.577644
70.577606
70.577690
70.577690
70.577675
70.577652
70.577621
70.577721
70.577782
70.577744
70.577637
70.577621
70.577690
70.577591
70.577553
70.577583
70.577499
70.577583
70.577499
70.577515
70.577599
70.577606
70.577583
70.577538
70.577446
70.577492
70.577400
70.577484
70.577492
70.577446
70.577477
70.577431
70.577423
70.577370
70.577408
70.577492
70.577522
70.577438
70.577408
70.577370
70.577400
70.577316
70.577293
70.577187
70.577209
70.577232
70.577278
70.577263
70.577339
70.577309
70.577309
70.577118
70.577103
70.577065
70.577232
70.577103
70.577171
70.577148
70.577240
70.577248
70.577293
70.577339
70.577332
70.577278
70.577278
70.577240
70.577171
70.577156
70.577240
70.577126
70.577164
70.577255
70.577286
70.577370
70.577293
70.577370
70.577332
70.577278
70.577339
70.577309
70.577271
70.577423
70.577339
70.577255
70.577255
70.577240
70.577110
70.577179
70.577194
70.577209
70.577263
70.577133
70.577141
70.577126
70.577255
70.577217
70.577255
70.577255
70.577225
70.577187
70.577240
70.577263
70.577248
70.577110
70.577209
70.577255
70.577316
70.577278
70.577278
70.577232
70.577362
70.577461
70.577385
70.577354
70.577370
70.577339
70.577400
70.577515
70.577553
70.577469
70.577492
70.577507
70.577446
70.577415
70.577431
70.577477
70.577438
70.577301
70.577469
70.577408
70.577385
70.577461
70.577553
70.577530
70.577454
70.577423
70.577377
70.577499
70.577477
70.577438
70.577469
70.577408
70.577408
70.577423
70.577370
70.577347
70.577324
70.577301
70.577332
70.577301
70.577316
70.577347
70.577301
70.577278
70.577278
70.577286
70.577225
70.577217
70.577164
70.577225
70.577217
70.577187
70.577148
70.577286
70.577271
70.577209
70.577148
70.577187
70.577171
70.577133
70.577126
70.577156
70.577232
70.577263
70.577194
70.577293
70.577354
70.577393
70.577255
70.577255
70.577141
70.577202
70.577148
70.577286
70.577255
70.577309
70.577301
70.577255
70.577271
70.577316
70.577278
70.577225
70.577217
70.577263
70.577301
70.577354
70.577332
70.577301
70.577362
70.577385
70.577438
70.577309
70.577271
70.577263
70.577301
70.577240
70.577400
70.577339
70.577332
70.577400
70.577438
70.577415
70.577446
70.577393
70.577461
70.577545
70.577461
70.577385
70.577347
70.577393
70.577477
70.577492
70.577446
70.577522
70.577431
70.577332
70.577408
70.577461
70.577370
70.577301
70.577362
70.577339
70.577362
70.577324
70.577248
70.577301
70.577286
70.577385
70.577377
70.577446
70.577438
70.577515
70.577446
70.577477
70.577438
70.577446
70.577362
70.577461
70.577477
70.577499
70.577484
70.577377
70.577499
70.577370
70.577377
70.577362
70.577339
70.577438
70.577393
70.577385
70.577377
70.577377
70.577316
70.577309
70.577347
70.577370
70.577339
70.577278
70.577301
70.577316
70.577316
70.577408
70.577400
70.577408
70.577408
70.577385
70.577377
70.577293
70.577324
70.577316
70.577248
70.577370
70.577370
70.577393
70.577492
70.577461
70.577454
70.577446
70.577431
70.577393
70.577362
70.577309
70.577377
70.577393
70.577347
70.577400
70.577377
70.577385
70.577393
70.577477
70.577484
70.577454
70.577553
70.577538
70.577507
70.577408
70.577454
70.577477
70.577538
70.577507
70.577484
70.577553
70.577545
70.577522
70.577438
70.577469
70.577347
70.577362
70.577415
70.577431
70.577431
70.577423
70.577385
70.577278
70.577255
70.577240
70.577332
70.577347
70.577293
70.577293
70.577400
70.577347
70.577362
70.577438
70.577431
70.577324
70.577309
70.577370
70.577393
70.577393
70.577347
70.577461
70.577415
70.577377
70.577354
70.577393
70.577347
70.577415
70.577385
70.577423
70.577477
70.577477
70.577538
70.577431
70.577423
70.577446
70.577385
70.577377
70.577400
70.577324
70.577347
70.577362
70.577377
70.577309
70.577377
70.577339
70.577400
70.577316
70.577393
70.577415
70.577354
70.577339
70.577347
70.577286
70.577232
70.577278
70.577225
70.577255
70.577171
70.577148
70.577095
70.577080
70.577126
70.577156
70.577065
70.577042
70.577118
70.577133
70.577164
70.577248
70.577187
70.577133
70.577148
70.577171
70.577118
70.577248
70.577263
70.577209
70.577225
70.577316
70.577225
70.577225
70.577209
70.577148
70.577087
70.577080
70.577126
70.577217
70.577194
70.577110
70.577087
70.577103
70.577080
70.577156
70.577179
70.577187
70.577133
70.577194
70.577164
70.577133
70.577065
70.577049
70.577019
70.577095
70.577042
70.577034
70.576988
70.576965
70.576965
70.576988
70.576935
70.577049
70.577065
70.577049
70.577080
70.577148
70.577118
70.577164
70.577065
70.577034
70.577019
70.577019
70.577095
70.577011
70.576973
70.576950
70.576927
70.576866
70.576813
70.576874
70.576881
70.576828
70.576828
70.576813
70.576759
70.576805
70.576775
70.576805
70.576820
70.576744
70.576790
70.576675
70.576767
70.576721
70.576721
70.576797
70.576790
70.576714
70.576851
70.576767
70.576752
70.576729
70.576721
70.576752
70.576714
70.576782
70.576820
70.576828
70.576874
70.576866
70.576866
70.576881
70.576942
70.576988
70.576897
70.577026
70.577049
70.577049
70.576996
70.577065
70.577034
70.577110
70.576973
70.577011
70.576973
70.576897
70.576836
70.576859
70.576797
70.576836
70.576889
70.576904
70.576889
70.576920
70.576912
70.576828
70.576828
70.576813
70.576790
70.576729
70.576729
70.576729
70.576782
70.576752
70.576736
70.576622
70.576736
70.576706
70.576820
70.576828
70.576797
70.576866
70.576836
70.576790
70.576828
70.576859
70.576958
70.576920
70.576988
70.577003
70.576912
70.576851
70.576820
70.576836
70.576912
70.576942
70.576996
70.577019
70.577011
70.577026
70.577019
70.577042
70.577034
70.577011
70.576942
70.576950
70.576874
70.576958
70.577065
70.577019
70.577003
70.576965
70.576843
70.576912
70.576988
70.576988
70.577011
70.576942
70.576950
70.576981
70.576996
70.576958
70.576889
70.576897
70.576889
70.576836
70.576828
70.576874
70.576897
70.576889
70.576851
70.576866
70.576859
70.576805
70.576782
70.576790
70.576828
70.576836
70.576889
70.576782
70.576859
70.576797
70.576805
70.576889
70.576942
70.576828
70.576859
70.576996
70.576843
70.576927
70.576866
70.576889
70.576828
70.576874
70.576935
70.576828
70.576836
70.576889
70.576752
70.576828
70.576775
70.576752
70.576790
70.576851
70.576859
70.576859
70.576790
70.576843
70.576881
70.576920
70.576820
70.576881
70.576805
70.576782
70.576782
70.576752
70.576813
70.576912
70.576889
70.576866
70.576836
70.576904
70.576897
70.576851
70.576897
70.576889
70.576889
70.576958
70.576927
70.576965
70.577019
70.576920
70.576866
70.576843
70.576813
70.576790
70.576820
70.576797
70.576851
70.576927
70.576942
70.576889
70.576935
70.576981
70.576981
70.576912
70.576958
70.576874
70.576897
70.576897
70.576828
70.576828
70.576767
70.576767
70.576759
70.576859
70.576744
70.576790
70.576759
70.576797
70.576767
70.576782
70.576721
70.576797
70.576782
70.576881
70.576904
70.576828
70.576805
70.576874
70.576912
70.576881
70.576797
70.576904
70.576820
70.576843
70.576851
70.576797
70.576881
70.576889
70.576874
70.576820
70.576859
70.576897
70.576836
70.576782
70.576859
70.576851
70.576851
70.576935
70.576973
70.576874
70.577026
70.576950
70.577019
70.576897
70.576881
70.576988
70.576935
70.576866
70.576889
70.576767
70.576828
70.576912
70.576897
70.576897
70.576889
70.576881
70.576950
70.576851
70.576836
70.576790
70.576828
70.576897
70.576851
70.576805
70.576866
70.576881
70.576973
70.577011
70.576942
70.576973
70.577011
70.576897
70.576828
70.576736
70.576859
70.576828
70.576721
70.576759
70.576836
70.576859
70.576820
70.576874
70.576904
70.576942
70.576935
70.576889
70.576935
70.576881
70.577057
70.577003
70.577003
70.577011
70.577034
70.576996
70.577095
70.577095
70.577003
70.577049
70.577118
70.577080
70.577049
70.576996
70.577003
70.577019
70.577019
70.577026
70.577026
70.576973
70.576843
70.576820
70.576881
70.576988
70.576866
70.576874
70.576920
70.576927
70.576843
70.576897
70.576851
70.576904
70.576851
70.576782
70.576897
70.576912
70.576904
70.576897
70.576851
70.576897
70.576820
70.576820
70.576843
70.576790
70.576721
70.576675
70.576729
70.576790
70.576706
70.576782
70.576691
70.576759
70.576744
70.576645
70.576675
70.576714
70.576691
70.576691
70.576736
70.576668
70.576675
70.576706
70.576714
70.576721
70.576698
70.576706
70.576805
70.576790
70.576881
70.576881
70.576866
70.576813
70.576859
70.576904
70.576904
70.576912
70.576965
70.577042
70.576965
70.576958
70.576996
70.576889
70.576836
70.576836
70.576775
70.576759
70.576759
70.576843
70.577003
70.576843
70.576790
70.576874
70.577003
70.576797
70.576797
70.576866
70.576797
70.576691
70.576675
70.576637
70.576721
70.576683
70.576820
70.576805
70.576759
70.576653
70.576675
70.576591
70.576729
70.576744
70.576744
70.576729
70.576714
70.576691
70.576782
70.576653
70.576637
70.576660
70.576698
70.576668
70.576683
70.576668
70.576721
70.576759
70.576714
70.576660
70.576714
70.576714
70.576767
70.576714
70.576706
70.576691
70.576721
70.576675
70.576752
70.576683
70.576805
70.576759
70.576752
70.576729
70.576668
70.576767
70.576653
70.576729
70.576698
70.576813
70.576698
70.576607
70.576721
70.576698
70.576691
70.576698
70.576630
70.576630
70.576630
70.576622
70.576653
70.576660
70.576660
70.576569
70.576607
70.576645
70.576614
70.576607
70.576462
70.576500
70.576599
70.576508
70.576576
70.576492
70.576523
70.576469
70.576500
70.576546
70.576508
70.576576
70.576584
70.576576
70.576553
70.576523
70.576408
70.576485
70.576462
70.576462
70.576546
70.576584
70.576553
70.576660
70.576599
70.576660
70.576614
70.576645
70.576622
70.576622
70.576637
70.576614
70.576485
70.576614
70.576576
70.576607
70.576599
70.576668
70.576637
70.576683
70.576706
70.576622
70.576706
70.576744
70.576622
70.576675
70.576721
70.576752
70.576790
70.576691
70.576637
70.576637
70.576622
70.576653
70.576736
70.576767
70.576637
70.576630
70.576607
70.576637
70.576675
70.576637
70.576706
70.576675
70.576721
70.576691
70.576698
70.576828
70.576752
70.576752
70.576767
70.576691
70.576813
70.576851
70.576904
70.576805
70.576790
70.576805
70.576782
70.576744
70.576721
70.576736
70.576782
70.576721
70.576805
70.576767
70.576836
70.576744
70.576767
70.576653
70.576736
70.576714
70.576759
70.576729
70.576698
70.576714
70.576797
70.576775
70.576767
70.576790
70.576767
70.576813
70.576820
70.576820
70.576698
70.576729
70.576714
70.576736
70.576706
70.576752
70.576721
70.576683
70.576759
70.576836
70.576683
70.576782
70.576759
70.576752
70.576721
70.576714
70.576721
70.576675
70.576683
70.576714
70.576698
70.576782
70.576668
70.576698
70.576744
70.576790
70.576736
70.576767
70.576714
70.576813
70.576820
70.576828
70.576797
70.576790
70.576820
70.576836
70.576820
70.576897
70.576767
70.576782
70.576874
70.576805
70.576904
70.576904
70.576927
70.576958
70.576836
70.576836
70.576836
70.576805
70.576828
70.576904
70.576866
70.576920
70.576897
70.576859
70.576889
70.576988
70.576965
70.576927
70.576859
70.576866
70.576744
70.576698
70.576759
70.576645
70.576721
70.576775
70.576706
70.576637
70.576721
70.576622
70.576607
70.576614
70.576668
70.576630
70.576614
70.576668
70.576706
70.576637
70.576668
70.576675
70.576660
70.576714
70.576729
70.576599
70.576614
70.576630
70.576584
70.576607
70.576591
70.576538
70.576561
70.576492
70.576477
70.576553
70.576599
70.576607
70.576614
70.576546
70.576630
70.576630
70.576668
70.576691
70.576653
70.576775
70.576729
70.576675
70.576645
70.576691
70.576614
70.576653
70.576645
70.576698
70.576614
70.576668
70.576653
70.576607
70.576683
70.576698
70.576721
70.576752
70.576744
70.576660
70.576553
70.576614
70.576553
70.576584
70.576508
70.576546
70.576614
70.576675
70.576584
70.576584
70.576584
70.576485
70.576569
70.576530
70.576561
70.576553
70.576546
70.576538
70.576530
70.576538
70.576538
70.576454
70.576485
70.576439
70.576447
70.576553
70.576546
70.576530
70.576614
70.576584
70.576561
70.576485
70.576508
70.576447
70.576523
70.576569
70.576553
70.576599
70.576584
70.576622
70.576630
70.576637
70.576637
70.576668
70.576752
70.576797
70.576797
70.576759
70.576721
70.576828
70.576767
70.576729
70.576782
70.576775
70.576752
70.576759
70.576729
70.576706
70.576691
70.576637
70.576569
70.576630
70.576607
70.576538
70.576599
70.576584
70.576569
70.576508
70.576591
70.576607
70.576622
70.576775
70.576637
70.576675
70.576515
70.576530
70.576500
70.576591
70.576607
70.576622
70.576630
70.576614
70.576584
70.576607
70.576645
70.576767
70.576752
70.576698
70.576660
70.576675
70.576645
70.576599
70.576584
70.576538
70.576576
70.576591
70.576469
70.576561
70.576591
70.576508
70.576576
70.576614
70.576431
70.576622
70.576584
70.576492
70.576492
70.576500
70.576546
70.576553
70.576630
70.576622
70.576561
70.576538
70.576515
70.576485
70.576401
70.576401
70.576347
70.576302
70.576393
70.576500
70.576469
70.576515
70.576462
70.576469
70.576408
70.576393
70.576492
70.576492
70.576447
70.576439
70.576492
70.576439
70.576408
70.576401
70.576492
70.576469
70.576485
70.576515
70.576515
70.576599
70.576492
70.576424
70.576385
70.576378
70.576439
70.576408
70.576462
70.576530
70.576492
70.576431
70.576385
70.576439
70.576477
70.576447
70.576431
70.576485
70.576530
70.576599
70.576675
70.576645
70.576546
70.576546
70.576553
70.576523
70.576523
70.576614
70.576553
70.576515
70.576569
70.576584
70.576614
70.576691
70.576653
70.576614
70.576569
70.576569
70.576576
70.576599
70.576584
70.576599
70.576439
70.576530
70.576508
70.576546
70.576569
70.576546
70.576477
70.576538
70.576492
70.576576
70.576515
70.576576
70.576637
70.576591
70.576645
70.576614
70.576630
70.576653
70.576561
70.576538
70.576584
70.576630
70.576668
70.576714
70.576752
70.576668
70.576683
70.576645
70.576591
70.576584
70.576645
70.576653
70.576599
70.576607
70.576614
70.576561
70.576538
70.576492
70.576530
70.576469
70.576447
70.576515
70.576424
70.576477
70.576508
70.576523
70.576538
70.576614
70.576591
70.576614
70.576561
70.576569
70.576500
70.576439
70.576462
70.576500
70.576584
70.576561
70.576515
70.576584
70.576477
70.576447
70.576469
70.576508
70.576630
70.576523
70.576508
70.576561
70.576546
70.576614
70.576492
70.576561
70.576500
70.576553
70.576508
70.576569
70.576591
70.576500
70.576576
70.576561
70.576553
70.576607
70.576530
70.576523
70.576584
70.576530
70.576561
70.576561
70.576508
70.576485
70.576439
70.576477
70.576515
70.576591
70.576553
70.576637
70.576653
70.576653
70.576683
70.576607
70.576599
70.576706
70.576752
70.576721
70.576660
70.576668
70.576744
70.576653
70.576630
70.576630
70.576637
70.576645
70.576622
70.576599
70.576561
70.576569
70.576546
70.576614
70.576614
70.576622
70.576630
70.576561
70.576599
70.576553
70.576584
70.576653
70.576683
70.576599
70.576584
70.576607
70.576614
70.576591
70.576599
70.576599
70.576614
70.576668
70.576668
70.576675
70.576698
70.576706
70.576668
70.576744
70.576752
70.576736
70.576660
70.576645
70.576637
70.576691
70.576691
70.576759
70.576744
70.576706
70.576698
70.576790
70.576759
70.576782
70.576767
70.576775
70.576767
70.576714
70.576759
70.576775
70.576790
70.576782
70.576813
70.576820
70.576828
70.576744
70.576752
70.576714
70.576782
70.576859
70.576897
70.576874
70.576881
70.576843
70.576881
70.576942
70.576904
70.576851
70.576775
70.576736
70.576744
70.576790
70.576805
70.576775
70.576775
70.576691
70.576775
70.576775
70.576836
70.576813
70.576820
70.576866
70.576653
70.576698
70.576759
70.576759
70.576767
70.576851
70.576843
70.576866
70.576782
70.576889
70.576859
70.576927
70.576965
70.576942
70.576935
70.576920
70.576866
70.576874
70.576843
70.576820
70.576828
70.576736
70.576813
70.576714
70.576805
70.576805
70.576828
70.576820
70.576797
70.576805
70.576912
70.576904
70.576935
70.576881
70.576889
70.576881
70.576897
70.576828
70.576889
70.576874
70.576851
70.576904
70.576920
70.576920
70.576897
70.576866
70.576820
70.576881
70.576797
70.576813
70.576752
70.576851
70.576790
70.576820
70.576736
70.576744
70.576775
70.576775
70.576675
70.576660
70.576729
70.576752
70.576790
70.576805
70.576813
70.576759
70.576813
70.576790
70.576866
70.576836
70.576782
70.576721
70.576752
70.576675
70.576721
70.576813
70.576736
70.576714
70.576775
70.576797
70.576744
70.576691
70.576759
70.576797
70.576820
70.576851
70.576813
70.576820
70.576797
70.576721
70.576714
70.576836
70.576920
70.576866
70.576752
70.576767
70.576698
70.576668
70.576607
70.576698
70.576714
70.576698
70.576752
70.576752
70.576637
70.576767
70.576645
70.576660
70.576653
70.576653
70.576851
70.576691
70.576683
70.576622
70.576553
70.576653
70.576660
70.576675
70.576698
70.576622
70.576630
70.576668
70.576729
70.576759
70.576736
70.576683
70.576797
70.576782
70.576889
70.576828
70.576813
70.576836
70.576927
70.576813
70.576836
70.576775
70.576759
70.576767
70.576775
70.576843
70.576813
70.576843
70.576874
70.576851
70.576813
70.576843
70.576851
70.576874
70.576889
70.576866
70.576775
70.576782
70.576859
70.576767
70.576782
70.576767
70.576782
70.576775
70.576691
70.576729
70.576714
70.576752
70.576752
70.576782
70.576790
70.576744
70.576721
70.576736
70.576721
70.576782
70.576744
70.576797
70.576813
70.576813
70.576767
70.576790
70.576797
70.576782
70.576752
70.576813
70.576843
70.576691
70.576744
70.576683
70.576607
70.576630
70.576683
70.576683
70.576645
70.576675
70.576683
70.576729
70.576782
70.576675
70.576721
70.576614
70.576561
70.576614
70.576576
70.576599
70.576576
70.576576
70.576530
70.576569
70.576546
70.576500
70.576508
70.576546
70.576553
70.576599
70.576530
70.576576
70.576553
70.576523
70.576469
70.576477
70.576584
70.576637
70.576622
70.576576
70.576546
70.576546
70.576698
70.576653
70.576668
70.576683
70.576645
70.576630
70.576607
70.576546
70.576607
70.576599
70.576630
70.576538
70.576614
70.576622
70.576591
70.576714
70.576630
70.576668
70.576614
70.576675
70.576736
70.576721
70.576767
70.576698
70.576607
70.576584
70.576653
70.576714
70.576752
70.576744
70.576729
70.576767
70.576797
70.576759
70.576744
70.576729
70.576744
70.576668
70.576599
70.576546
70.576576
70.576538
70.576584
70.576653
70.576591
70.576591
70.576630
70.576591
70.576691
70.576637
70.576546
70.576584
70.576576
70.576630
70.576668
70.576714
70.576736
70.576790
70.576744
70.576698
70.576721
70.576729
70.576675
70.576668
70.576736
70.576668
70.576721
70.576759
70.576706
70.576714
70.576698
70.576698
70.576660
70.576736
70.576698
70.576767
70.576622
70.576591
70.576653
70.576607
70.576607
70.576630
70.576637
70.576668
70.576614
70.576607
70.576546
70.576569
70.576553
70.576530
70.576424
70.576393
70.576508
70.576530
70.576546
70.576530
70.576538
70.576546
70.576553
70.576523
70.576569
70.576607
70.576569
70.576584
70.576599
70.576530
70.576569
70.576584
70.576576
70.576576
70.576569
70.576508
70.576508
70.576485
70.576462
70.576591
70.576576
70.576622
70.576645
70.576622
70.576622
70.576637
70.576752
70.576721
70.576729
70.576767
70.576797
70.576759
70.576813
70.576843
70.576767
70.576706
70.576675
70.576706
70.576813
70.576736
70.576714
70.576775
70.576744
70.576759
70.576752
70.576691
70.576637
70.576622
70.576653
70.576645
70.576630
70.576660
70.576668
70.576645
70.576576
70.576607
70.576607
70.576607
70.576599
70.576569
70.576660
70.576637
70.576660
70.576729
70.576675
70.576706
70.576645
70.576668
70.576683
70.576675
70.576668
70.576653
70.576721
70.576660
70.576614
70.576614
70.576668
70.576637
70.576546
70.576538
70.576561
70.576668
70.576653
70.576691
70.576706
70.576767
70.576706
70.576813
70.576797
70.576820
70.576813
70.576790
70.576736
70.576744
70.576790
70.576828
70.576874
70.576859
70.576912
70.576935
70.576958
70.576851
70.576851
70.576988
70.576927
70.576927
70.576775
70.576759
70.576851
70.576920
70.576836
70.576866
70.576881
70.576942
70.576843
70.576820
70.576874
70.576736
70.576744
70.576889
70.576866
70.576820
70.576897
70.576859
70.576859
70.576927
70.576843
70.576889
70.576935
70.576820
70.576904
70.576866
70.576897
70.576897
70.576935
70.576920
70.576851
70.576881
70.576836
70.576904
70.576920
70.576920
70.576897
70.576820
70.576851
70.576851
70.576958
70.576866
70.576897
70.576866
70.576881
70.576859
70.576881
70.576820
70.576759
70.576790
70.576759
70.576813
70.576790
70.576820
70.576813
70.576805
70.576820
70.576874
70.576866
70.576920
70.576942
70.576897
70.576828
70.576912
70.576904
70.576927
70.576920
70.577065
70.577072
70.577042
70.576988
70.577049
70.577065
70.576981
70.576950
70.577003
70.576874
70.576897
70.576897
70.576942
70.576965
70.577011
70.576920
70.577003
70.576927
70.577019
70.576996
70.576866
70.576859
70.576843
70.576881
70.576820
70.576866
70.576805
70.576851
70.576859
70.576729
70.576744
70.576714
70.576729
70.576874
70.576851
70.576836
70.576782
70.576782
70.576744
70.576759
70.576759
70.576828
70.576813
70.576874
70.576904
70.576950
70.576889
70.576851
70.576912
70.576813
70.576859
70.576828
70.576790
70.576797
70.576836
70.576782
70.576797
70.576790
70.576714
70.576797
70.576851
70.576752
70.576797
70.576820
70.576782
70.576805
70.576736
70.576775
70.576828
70.576874
70.576813
70.576843
70.576797
70.576889
70.576927
70.576866
70.576912
70.576881
70.576859
70.576805
70.576851
70.576828
70.576767
70.576820
70.576790
70.576790
70.576874
70.576889
70.576935
70.576805
70.576820
70.576828
70.576820
70.576874
70.576836
70.576836
70.576874
70.576836
70.576843
70.576958
70.576904
70.576775
70.576820
70.576851
70.576904
70.576889
70.576942
70.577003
70.576935
70.576912
70.576851
70.576836
70.576836
70.576828
70.576820
70.576759
70.576797
70.576874
70.576820
70.576859
70.576935
70.576965
70.576996
70.576942
70.576881
70.576866
70.576958
70.576889
70.576912
70.576935
70.576981
70.576958
70.576950
70.576996
70.576935
70.576912
70.576828
70.576820
70.576820
70.576859
70.576897
70.576965
70.577011
70.577026
70.576996
70.576897
70.576851
70.576897
70.576912
70.576874
70.576866
70.576927
70.576912
70.576859
