n_ops, s_size, gpu, cpu
1,2000,0.000148544,1.056e-06
1,2000,2.5504e-05,1.056e-06
1,2000,2.3328e-05,1.056e-06
1,2000,2.4736e-05,1.12e-06
1,2000,2.304e-05,1.056e-06
1,2000,2.224e-05,1.088e-06
1,2000,2.24e-05,1.056e-06
1,2000,2.2016e-05,1.088e-06
1,2000,2.3424e-05,1.152e-06
1,2000,2.2848e-05,1.088e-06
1,20000,0.000144576,1.056e-06
1,20000,3.5456e-05,1.056e-06
1,20000,3.52e-05,1.056e-06
1,20000,3.5168e-05,1.056e-06
1,20000,3.4784e-05,1.184e-06
1,20000,3.8496e-05,1.056e-06
1,20000,3.6736e-05,1.056e-06
1,20000,3.3728e-05,1.056e-06
1,20000,3.4464e-05,1.088e-06
1,20000,3.3312e-05,1.056e-06
1,200000,0.000270336,1.056e-06
1,200000,0.000160224,1.248e-06
1,200000,0.000167584,1.088e-06
1,200000,0.000159488,1.056e-06
1,200000,0.000190496,1.088e-06
1,200000,0.000161568,1.088e-06
1,200000,0.000160896,1.056e-06
1,200000,0.000161472,1.056e-06
1,200000,0.000161792,1.056e-06
1,200000,0.000232352,1.44e-06
2,2000,2.6304e-05,1.472e-06
2,2000,2.5472e-05,1.472e-06
2,2000,2.5472e-05,1.504e-06
2,2000,2.304e-05,1.472e-06
2,2000,2.3584e-05,1.536e-06
2,2000,2.3584e-05,1.504e-06
2,2000,2.3904e-05,1.472e-06
2,2000,2.5472e-05,1.472e-06
2,2000,2.368e-05,1.472e-06
2,2000,2.384e-05,1.44e-06
2,20000,3.8528e-05,1.472e-06
2,20000,3.9232e-05,1.088e-06
2,20000,3.696e-05,1.056e-06
2,20000,3.44e-05,1.056e-06
2,20000,3.5264e-05,1.056e-06
2,20000,3.4944e-05,1.088e-06
2,20000,3.392e-05,1.056e-06
2,20000,3.5328e-05,1.056e-06
2,20000,3.536e-05,1.088e-06
2,20000,3.4272e-05,1.056e-06
2,200000,0.000269184,1.056e-06
2,200000,0.000168224,1.088e-06
2,200000,0.000162144,1.056e-06
2,200000,0.00016304,1.056e-06
2,200000,0.00017152,1.312e-06
2,200000,0.000159936,1.056e-06
2,200000,0.000162912,1.056e-06
2,200000,0.000161408,1.056e-06
2,200000,0.000192992,1.056e-06
2,200000,0.000165888,1.088e-06
4,2000,2.5504e-05,1.088e-06
4,2000,2.3232e-05,1.056e-06
4,2000,2.384e-05,1.056e-06
4,2000,2.336e-05,1.056e-06
4,2000,2.2272e-05,1.056e-06
4,2000,2.3008e-05,1.088e-06
4,2000,2.2144e-05,1.056e-06
4,2000,2.2336e-05,1.088e-06
4,2000,2.3168e-05,1.056e-06
4,2000,2.1568e-05,1.056e-06
4,20000,3.6832e-05,1.056e-06
4,20000,3.536e-05,1.056e-06
4,20000,3.5168e-05,1.056e-06
4,20000,3.5488e-05,1.056e-06
4,20000,3.5168e-05,1.088e-06
4,20000,3.5872e-05,1.056e-06
4,20000,3.5296e-05,1.056e-06
4,20000,3.488e-05,1.152e-06
4,20000,3.4624e-05,1.28e-06
4,20000,3.8464e-05,1.088e-06
4,200000,0.000275488,1.088e-06
4,200000,0.000165088,1.056e-06
4,200000,0.000162848,1.056e-06
4,200000,0.0001648,1.088e-06
4,200000,0.000162816,1.056e-06
4,200000,0.000163168,1.056e-06
4,200000,0.000163424,1.056e-06
4,200000,0.000161568,1.056e-06
4,200000,0.000170208,1.056e-06
4,200000,0.0001624,1.088e-06
8,2000,2.5312e-05,1.056e-06
8,2000,2.3392e-05,1.056e-06
8,2000,2.3776e-05,1.056e-06
8,2000,2.4096e-05,1.088e-06
8,2000,2.496e-05,1.056e-06
8,2000,2.2752e-05,1.184e-06
8,2000,2.2336e-05,1.056e-06
8,2000,2.2848e-05,1.408e-06
8,2000,2.3488e-05,1.056e-06
8,2000,2.4128e-05,1.088e-06
8,20000,3.68e-05,1.056e-06
8,20000,3.5232e-05,1.088e-06
8,20000,3.6416e-05,1.056e-06
8,20000,3.5168e-05,1.088e-06
8,20000,3.5776e-05,1.088e-06
8,20000,3.4944e-05,1.024e-06
8,20000,3.4912e-05,1.056e-06
8,20000,3.4592e-05,1.088e-06
8,20000,3.4752e-05,1.056e-06
8,20000,3.5296e-05,1.056e-06
8,200000,0.000269952,1.248e-06
8,200000,0.000170048,1.056e-06
8,200000,0.000193888,1.056e-06
8,200000,0.000165056,1.088e-06
8,200000,0.00016944,1.056e-06
8,200000,0.000164096,1.056e-06
8,200000,0.000170592,1.056e-06
8,200000,0.000163296,1.056e-06
8,200000,0.00018096,1.056e-06
8,200000,0.000168832,1.056e-06
16,2000,2.688e-05,1.056e-06
16,2000,2.304e-05,1.088e-06
16,2000,2.336e-05,1.12e-06
16,2000,2.2656e-05,1.056e-06
16,2000,2.3968e-05,1.088e-06
16,2000,2.3968e-05,1.088e-06
16,2000,2.1664e-05,1.056e-06
16,2000,2.2624e-05,1.28e-06
16,2000,2.3232e-05,1.056e-06
16,2000,2.304e-05,1.056e-06
16,20000,3.7024e-05,1.056e-06
16,20000,3.5744e-05,1.088e-06
16,20000,3.4912e-05,1.152e-06
16,20000,3.5872e-05,1.056e-06
16,20000,3.5648e-05,1.088e-06
16,20000,3.4688e-05,1.056e-06
16,20000,3.6928e-05,1.088e-06
16,20000,6.288e-05,1.056e-06
16,20000,3.5712e-05,1.088e-06
16,20000,3.5616e-05,1.056e-06
16,200000,0.000313472,1.056e-06
16,200000,0.000165312,1.184e-06
16,200000,0.00017552,1.056e-06
16,200000,0.000164512,1.056e-06
16,200000,0.000163936,1.024e-06
16,200000,0.000165984,1.056e-06
16,200000,0.00016368,1.056e-06
16,200000,0.000164384,1.056e-06
16,200000,0.000168128,1.088e-06
16,200000,0.00019264,1.056e-06
32,2000,2.7456e-05,1.408e-06
32,2000,2.4704e-05,1.056e-06
32,2000,2.3616e-05,1.056e-06
32,2000,2.2656e-05,1.056e-06
32,2000,2.3168e-05,1.056e-06
32,2000,2.432e-05,1.088e-06
32,2000,2.384e-05,1.056e-06
32,2000,2.2208e-05,1.056e-06
32,2000,2.2624e-05,1.088e-06
32,2000,2.2336e-05,1.088e-06
32,20000,3.6704e-05,1.088e-06
32,20000,3.664e-05,1.056e-06
32,20000,3.6992e-05,1.088e-06
32,20000,3.4944e-05,1.056e-06
32,20000,3.5872e-05,1.056e-06
32,20000,3.4976e-05,1.088e-06
32,20000,3.456e-05,1.056e-06
32,20000,3.6544e-05,1.056e-06
32,20000,3.5744e-05,1.056e-06
32,20000,3.4624e-05,1.056e-06
32,200000,0.000311168,1.088e-06
32,200000,0.000164832,1.056e-06
32,200000,0.000172032,1.12e-06
32,200000,0.000162848,1.12e-06
32,200000,0.000163232,1.088e-06
32,200000,0.000162144,1.056e-06
32,200000,0.00017104,1.44e-06
32,200000,0.000162624,1.088e-06
32,200000,0.000162688,1.056e-06
32,200000,0.000171328,1.056e-06
64,2000,2.5376e-05,1.152e-06
64,2000,2.496e-05,1.056e-06
64,2000,2.4544e-05,1.088e-06
64,2000,2.2784e-05,1.056e-06
64,2000,2.336e-05,1.088e-06
64,2000,2.32e-05,1.216e-06
64,2000,2.3904e-05,1.088e-06
64,2000,2.3424e-05,1.376e-06
64,2000,2.336e-05,1.12e-06
64,2000,2.2912e-05,1.056e-06
64,20000,3.6064e-05,1.056e-06
64,20000,3.7504e-05,1.088e-06
64,20000,3.6032e-05,1.056e-06
64,20000,3.504e-05,1.056e-06
64,20000,3.6032e-05,1.088e-06
64,20000,3.5552e-05,1.088e-06
64,20000,3.6128e-05,1.056e-06
64,20000,3.5232e-05,1.056e-06
64,20000,3.6256e-05,1.248e-06
64,20000,3.5648e-05,1.056e-06
64,200000,0.000277152,1.056e-06
64,200000,0.000164352,1.056e-06
64,200000,0.000170304,1.056e-06
64,200000,0.000162944,1.056e-06
64,200000,0.000172864,1.056e-06
64,200000,0.000163296,1.056e-06
64,200000,0.000163552,1.056e-06
64,200000,0.000162816,1.056e-06
64,200000,0.000163552,1.056e-06
64,200000,0.00017232,1.056e-06
128,2000,2.5952e-05,1.056e-06
128,2000,2.3904e-05,1.056e-06
128,2000,2.432e-05,1.056e-06
128,2000,2.4448e-05,1.088e-06
128,2000,2.288e-05,1.088e-06
128,2000,2.32e-05,1.088e-06
128,2000,2.2336e-05,1.056e-06
128,2000,2.4256e-05,1.056e-06
128,2000,2.4032e-05,1.056e-06
128,2000,2.2176e-05,1.056e-06
128,20000,3.7664e-05,1.056e-06
128,20000,3.504e-05,1.056e-06
128,20000,3.5904e-05,1.088e-06
128,20000,3.7536e-05,1.056e-06
128,20000,3.5168e-05,1.088e-06
128,20000,3.5968e-05,1.056e-06
128,20000,3.6352e-05,1.056e-06
128,20000,3.504e-05,1.056e-06
128,20000,3.5776e-05,1.056e-06
128,20000,3.5872e-05,1.088e-06
128,200000,0.00028128,1.056e-06
128,200000,0.00016384,1.056e-06
128,200000,0.000164096,1.376e-06
128,200000,0.000164512,1.056e-06
128,200000,0.000163904,1.088e-06
128,200000,0.000162784,1.056e-06
128,200000,0.000164832,1.088e-06
128,200000,0.000162656,1.056e-06
128,200000,0.000187168,1.056e-06
128,200000,0.000161728,1.056e-06
256,2000,2.592e-05,1.088e-06
256,2000,2.384e-05,1.056e-06
256,2000,2.3968e-05,1.056e-06
256,2000,2.4128e-05,1.088e-06
256,2000,2.3968e-05,1.056e-06
256,2000,2.3232e-05,1.12e-06
256,2000,2.2976e-05,1.056e-06
256,2000,2.2784e-05,1.056e-06
256,2000,2.4224e-05,1.088e-06
256,2000,2.4e-05,1.056e-06
256,20000,3.5488e-05,1.088e-06
256,20000,3.5744e-05,1.056e-06
256,20000,3.5648e-05,1.056e-06
256,20000,3.4688e-05,1.056e-06
256,20000,3.8592e-05,1.088e-06
256,20000,3.44e-05,1.056e-06
256,20000,3.4752e-05,1.056e-06
256,20000,5.9616e-05,1.056e-06
256,20000,3.4944e-05,1.088e-06
256,20000,3.5712e-05,1.056e-06
256,200000,0.000273504,1.056e-06
256,200000,0.000162912,1.056e-06
256,200000,0.00017184,1.056e-06
256,200000,0.00016528,1.056e-06
256,200000,0.000191264,1.056e-06
256,200000,0.000171104,1.088e-06
256,200000,0.0001632,1.056e-06
256,200000,0.000166176,1.056e-06
256,200000,0.000162944,1.056e-06
256,200000,0.00019296,1.056e-06
512,2000,2.5568e-05,1.344e-06
512,2000,2.3936e-05,1.056e-06
512,2000,2.3968e-05,1.056e-06
512,2000,2.2912e-05,1.088e-06
512,2000,2.528e-05,1.056e-06
512,2000,2.4832e-05,1.088e-06
512,2000,2.5888e-05,1.056e-06
512,2000,2.3392e-05,1.056e-06
512,2000,2.3904e-05,1.088e-06
512,2000,2.528e-05,1.088e-06
512,20000,3.6832e-05,1.088e-06
512,20000,3.5392e-05,1.056e-06
512,20000,3.52e-05,1.216e-06
512,20000,3.7248e-05,1.056e-06
512,20000,3.4496e-05,1.056e-06
512,20000,3.6384e-05,1.056e-06
512,20000,3.6e-05,1.312e-06
512,20000,3.5968e-05,1.088e-06
512,20000,3.7664e-05,1.056e-06
512,20000,3.536e-05,1.056e-06
512,200000,0.000300512,1.344e-06
512,200000,0.000166112,1.056e-06
512,200000,0.000164608,1.056e-06
512,200000,0.000164608,1.056e-06
512,200000,0.000166624,1.056e-06
512,200000,0.000186496,1.056e-06
512,200000,0.001193984,1.152e-06
512,200000,0.001123936,1.056e-06
512,200000,0.000203296,1.056e-06
512,200000,0.00016976,1.28e-06
1024,2000,2.8608e-05,1.504e-06
1024,2000,2.4672e-05,1.792e-06
1024,2000,2.3968e-05,1.536e-06
1024,2000,2.384e-05,1.504e-06
1024,2000,2.368e-05,1.632e-06
1024,2000,2.4704e-05,1.536e-06
1024,2000,2.4448e-05,1.504e-06
1024,2000,2.224e-05,1.536e-06
1024,2000,2.3232e-05,1.504e-06
1024,2000,2.336e-05,1.536e-06
1024,20000,3.5776e-05,1.568e-06
1024,20000,3.6256e-05,1.504e-06
1024,20000,0.000147232,1.504e-06
1024,20000,3.5552e-05,1.568e-06
1024,20000,3.616e-05,1.536e-06
1024,20000,3.5904e-05,1.536e-06
1024,20000,3.6064e-05,1.568e-06
1024,20000,3.5744e-05,1.536e-06
1024,20000,3.632e-05,1.472e-06
1024,20000,3.472e-05,1.376e-06
1024,200000,0.000274912,1.152e-06
1024,200000,0.000163328,1.856e-06
1024,200000,0.00018592,1.536e-06
1024,200000,0.000169696,1.536e-06
1024,200000,0.000168448,1.568e-06
1024,200000,0.000169664,1.536e-06
1024,200000,0.000162464,1.504e-06
1024,200000,0.000169952,1.312e-06
1024,200000,0.000165984,1.536e-06
1024,200000,0.000163552,1.76e-06
2048,2000,2.688e-05,2.368e-06
2048,2000,2.4256e-05,2.464e-06
2048,2000,2.4064e-05,2.4e-06
2048,2000,2.4992e-05,2.304e-06
2048,2000,2.4544e-05,2.496e-06
2048,2000,2.3648e-05,2.304e-06
2048,2000,2.3264e-05,2.528e-06
2048,2000,2.3264e-05,2.368e-06
2048,2000,2.4704e-05,2.496e-06
2048,2000,2.4832e-05,2.112e-06
2048,20000,3.5712e-05,2.528e-06
2048,20000,3.584e-05,2.368e-06
2048,20000,3.6224e-05,2.464e-06
2048,20000,3.6256e-05,2.528e-06
2048,20000,3.6928e-05,2.72e-06
2048,20000,3.552e-05,2.528e-06
2048,20000,3.5904e-05,2.464e-06
2048,20000,3.5552e-05,2.592e-06
2048,20000,3.504e-05,2.688e-06
2048,20000,3.6704e-05,2.368e-06
2048,200000,0.00027008,2.592e-06
2048,200000,0.000187232,2.752e-06
2048,200000,0.00017232,2.848e-06
2048,200000,0.00016288,2.368e-06
2048,200000,0.000169952,2.528e-06
2048,200000,0.000163136,2.4e-06
2048,200000,0.000163648,2.432e-06
2048,200000,0.000174848,2.528e-06
2048,200000,0.000162624,1.952e-06
2048,200000,0.000172736,2.496e-06
4096,2000,2.672e-05,4.224e-06
4096,2000,2.4384e-05,4.064e-06
4096,2000,2.4096e-05,4.32e-06
4096,2000,2.32e-05,4.352e-06
4096,2000,2.4768e-05,4.352e-06
4096,2000,2.4416e-05,4.32e-06
4096,2000,2.352e-05,4.288e-06
4096,2000,2.3552e-05,4.16e-06
4096,2000,2.4e-05,4.192e-06
4096,2000,2.512e-05,4.224e-06
4096,20000,3.6672e-05,4.32e-06
4096,20000,3.6096e-05,4.288e-06
4096,20000,6.5056e-05,4.352e-06
4096,20000,3.7088e-05,4.576e-06
4096,20000,3.5392e-05,4.224e-06
4096,20000,3.6096e-05,4.288e-06
4096,20000,3.5488e-05,4.576e-06
4096,20000,3.552e-05,4.16e-06
4096,20000,3.6576e-05,4.352e-06
4096,20000,4.0736e-05,4.256e-06
4096,200000,0.000272288,4.288e-06
4096,200000,0.000166848,4.416e-06
4096,200000,0.000190752,4.352e-06
4096,200000,0.000164384,4.32e-06
4096,200000,0.000164352,4.224e-06
4096,200000,0.000162592,4.672e-06
4096,200000,0.000163744,4.32e-06
4096,200000,0.000162944,4.352e-06
4096,200000,0.00019888,4.448e-06
4096,200000,0.000163616,4.384e-06
8192,2000,2.7712e-05,8.064e-06
8192,2000,2.4576e-05,8.032e-06
8192,2000,2.5216e-05,8.064e-06
8192,2000,2.3872e-05,8.064e-06
8192,2000,2.448e-05,8.512e-06
8192,2000,2.4704e-05,8e-06
8192,2000,2.5152e-05,1.0496e-05
8192,2000,2.4e-05,8e-06
8192,2000,2.3968e-05,8.032e-06
8192,2000,2.3584e-05,8e-06
8192,20000,3.6288e-05,7.904e-06
8192,20000,3.7632e-05,1.0176e-05
8192,20000,3.6192e-05,7.744e-06
8192,20000,3.392e-05,7.936e-06
8192,20000,3.7408e-05,8e-06
8192,20000,6.1728e-05,7.968e-06
8192,20000,3.5584e-05,1.0656e-05
8192,20000,3.5712e-05,7.904e-06
8192,20000,3.6768e-05,7.872e-06
8192,20000,3.616e-05,8.352e-06
8192,200000,0.000285984,7.968e-06
8192,200000,0.000165856,8.064e-06
8192,200000,0.000164992,7.904e-06
8192,200000,0.000164768,8.032e-06
8192,200000,0.000167808,8.128e-06
8192,200000,0.000164544,8e-06
8192,200000,0.000165152,7.584e-06
8192,200000,0.000161696,8.064e-06
8192,200000,0.000163808,8e-06
8192,200000,0.000163584,8e-06
16384,2000,2.8608e-05,1.5072e-05
16384,2000,2.6208e-05,1.4784e-05
16384,2000,2.4256e-05,1.5264e-05
16384,2000,2.3488e-05,1.5264e-05
16384,2000,2.3968e-05,1.5232e-05
16384,2000,2.4128e-05,1.5264e-05
16384,2000,2.6272e-05,1.4272e-05
16384,2000,2.3296e-05,2.0128e-05
16384,2000,2.4e-05,1.552e-05
16384,2000,2.3584e-05,1.4752e-05
16384,20000,3.7504e-05,1.4112e-05
16384,20000,3.7088e-05,1.5328e-05
16384,20000,3.5328e-05,1.408e-05
16384,20000,3.488e-05,1.5456e-05
16384,20000,3.6032e-05,2.0384e-05
16384,20000,3.7248e-05,1.744e-05
16384,20000,3.6288e-05,1.5264e-05
16384,20000,3.3824e-05,1.5232e-05
16384,20000,3.4944e-05,1.5104e-05
16384,20000,3.3984e-05,2.064e-05
16384,200000,0.000283264,1.6512e-05
16384,200000,0.000165056,1.4304e-05
16384,200000,0.000171616,1.4368e-05
16384,200000,0.00017152,1.5232e-05
16384,200000,0.0001696,1.5264e-05
16384,200000,0.000172128,1.4912e-05
16384,200000,0.000163616,1.5424e-05
16384,200000,0.000170784,4.4384e-05
16384,200000,0.000163328,1.5296e-05
16384,200000,0.000164256,1.4848e-05
32768,2000,2.7168e-05,2.9696e-05
32768,2000,2.496e-05,2.9856e-05
32768,2000,2.5504e-05,2.944e-05
32768,2000,2.5216e-05,3.4176e-05
32768,2000,2.3648e-05,2.96e-05
32768,2000,2.3712e-05,3.8976e-05
32768,2000,2.3648e-05,2.8288e-05
32768,2000,2.4224e-05,2.9888e-05
32768,2000,2.5216e-05,2.9472e-05
32768,2000,2.3584e-05,2.9056e-05
32768,20000,3.8368e-05,3.0112e-05
32768,20000,3.5296e-05,2.9824e-05
32768,20000,3.4848e-05,2.8832e-05
32768,20000,3.6064e-05,3.856e-05
32768,20000,3.4656e-05,3.0432e-05
32768,20000,3.5264e-05,2.8736e-05
32768,20000,3.5424e-05,2.9856e-05
32768,20000,3.504e-05,3.792e-05
32768,20000,3.5168e-05,2.8352e-05
32768,20000,3.5232e-05,2.9696e-05
32768,200000,0.00027216,2.9984e-05
32768,200000,0.000165216,2.9888e-05
32768,200000,0.000165056,2.9344e-05
32768,200000,0.00134608,2.9056e-05
32768,200000,0.001067744,3.0144e-05
32768,200000,0.000308032,2.912e-05
32768,200000,0.000270048,2.9952e-05
32768,200000,0.000192992,2.736e-05
32768,200000,0.000169664,2.7488e-05
32768,200000,0.0001656,3.264e-05
65536,2000,2.7968e-05,7.984e-05
65536,2000,2.5024e-05,5.936e-05
65536,2000,2.4672e-05,5.744e-05
65536,2000,2.5824e-05,5.7504e-05
65536,2000,2.5664e-05,5.504e-05
65536,2000,4.9376e-05,5.6544e-05
65536,2000,2.384e-05,7.9008e-05
65536,2000,2.3872e-05,7.1488e-05
65536,2000,2.496e-05,5.9008e-05
65536,2000,2.5312e-05,6.72e-05
65536,20000,3.68e-05,5.9264e-05
65536,20000,3.6992e-05,7.9712e-05
65536,20000,3.552e-05,5.8688e-05
65536,20000,3.4656e-05,5.6128e-05
65536,20000,3.7088e-05,0.000107648
65536,20000,3.4624e-05,5.888e-05
65536,20000,3.472e-05,8.0416e-05
65536,20000,3.6608e-05,7.2992e-05
65536,20000,3.6096e-05,5.9328e-05
65536,20000,3.3568e-05,5.8624e-05
65536,200000,0.000282688,5.7088e-05
65536,200000,0.000164416,5.4432e-05
65536,200000,0.000166272,5.7792e-05
65536,200000,0.000162784,5.7376e-05
65536,200000,0.000169824,5.7376e-05
65536,200000,0.000163136,5.7696e-05
65536,200000,0.000164576,5.4144e-05
65536,200000,0.000163296,5.7376e-05
65536,200000,0.00016416,5.6e-05
65536,200000,0.000170592,5.8208e-05
131072,2000,2.8672e-05,0.000113536
131072,2000,2.4544e-05,0.000114048
131072,2000,2.48e-05,0.00011392
131072,2000,2.368e-05,0.00015808
131072,2000,2.4992e-05,0.000116
131072,2000,2.5952e-05,0.000115968
131072,2000,2.8992e-05,0.00011504
131072,2000,2.512e-05,0.000107712
131072,2000,2.4576e-05,0.000108352
131072,2000,2.4288e-05,0.000114016
131072,20000,3.5968e-05,0.000113952
131072,20000,3.5456e-05,0.000115488
131072,20000,3.5616e-05,0.00010752
131072,20000,3.6864e-05,0.00011424
131072,20000,3.4784e-05,0.000101024
131072,20000,3.4688e-05,0.000143104
131072,20000,3.5296e-05,0.00015248
131072,20000,3.4944e-05,0.0001168
131072,20000,3.6832e-05,0.000157184
131072,20000,3.488e-05,0.000117216
131072,200000,0.000274624,0.000159104
131072,200000,0.000166336,0.00013824
131072,200000,0.000170368,0.00016096
131072,200000,0.000163424,0.000156832
131072,200000,0.000162368,0.000141312
131072,200000,0.000163968,0.00011024
131072,200000,0.000171104,0.000132672
131072,200000,0.000163936,0.000116256
131072,200000,0.000172576,0.000152768
131072,200000,0.000171136,0.0001072
262144,2000,2.8896e-05,0.000253312
262144,2000,2.6336e-05,0.000291744
262144,2000,2.3776e-05,0.000224224
262144,2000,2.368e-05,0.000224192
262144,2000,2.4704e-05,0.00021808
262144,2000,2.5344e-05,0.00025632
262144,2000,2.496e-05,0.00027536
262144,2000,2.3904e-05,0.000244096
262144,2000,2.4288e-05,0.000259136
262144,2000,2.4832e-05,0.00021552
262144,20000,3.5712e-05,0.000219712
262144,20000,3.5648e-05,0.000219168
262144,20000,3.6608e-05,0.00026704
262144,20000,3.5808e-05,0.000214304
262144,20000,3.456e-05,0.000230848
262144,20000,8.0992e-05,0.000227392
262144,20000,3.7504e-05,0.000291968
262144,20000,3.6288e-05,0.000229952
262144,20000,0.001136192,0.00024368
262144,20000,0.000875648,0.000232256
262144,200000,0.000392736,0.000242752
262144,200000,0.000221504,0.000262112
262144,200000,0.000164,0.000219008
262144,200000,0.000162912,0.000257696
262144,200000,0.000162656,0.000326624
262144,200000,0.000164352,0.000229376
262144,200000,0.00019392,0.000328832
262144,200000,0.000162016,0.000224832
262144,200000,0.000236288,0.000221408
262144,200000,0.000164256,0.000218176
524288,2000,2.8896e-05,0.000456192
524288,2000,2.7072e-05,0.000656544
524288,2000,2.5984e-05,0.000543872
524288,2000,2.4832e-05,0.00043696
524288,2000,2.5472e-05,0.000559648
524288,2000,2.496e-05,0.000431136
524288,2000,2.5632e-05,0.000441984
524288,2000,2.4992e-05,0.000435232
524288,2000,2.4224e-05,0.000453536
524288,2000,2.3936e-05,0.000428832
524288,20000,3.6288e-05,0.000430592
524288,20000,3.7152e-05,0.0004576
524288,20000,3.5104e-05,0.000643264
524288,20000,3.456e-05,0.000427872
524288,20000,3.5008e-05,0.000648256
524288,20000,0.000205088,0.0006416
524288,20000,3.6928e-05,0.00065376
524288,20000,3.5616e-05,0.000485536
524288,20000,0.00012064,0.000501024
524288,20000,9.3088e-05,0.000454048
524288,200000,0.00030912,0.000655904
524288,200000,0.000193728,0.000463808
524288,200000,0.000163232,0.000567936
524288,200000,0.00016416,0.000449088
524288,200000,0.000192064,0.000435328
524288,200000,0.000163648,0.000668352
524288,200000,0.000161888,0.000434304
524288,200000,0.000164032,0.000453664
524288,200000,0.000161536,0.000430336
524288,200000,0.000163456,0.000422496
1048576,2000,2.8544e-05,0.000856384
1048576,2000,2.5728e-05,0.000907936
1048576,2000,2.56e-05,0.000859872
1048576,2000,2.5728e-05,0.0009072
1048576,2000,2.4096e-05,0.000904864
1048576,2000,2.4928e-05,0.000935136
1048576,2000,7.1552e-05,0.00093616
1048576,2000,2.5088e-05,0.001028192
1048576,2000,2.5504e-05,0.00091344
1048576,2000,2.4032e-05,0.001131552
1048576,20000,3.8176e-05,0.000868
1048576,20000,3.4848e-05,0.0010496
1048576,20000,3.6448e-05,0.000878336
1048576,20000,3.552e-05,0.000876352
1048576,20000,0.000149056,0.000907808
1048576,20000,3.6096e-05,0.00090752
1048576,20000,3.4208e-05,0.000989152
1048576,20000,3.6704e-05,0.000899488
1048576,20000,3.4016e-05,0.001126496
1048576,20000,3.4592e-05,0.001214816
1048576,200000,0.000269728,0.000936512
1048576,200000,0.000180736,0.001008544
1048576,200000,0.000178944,0.000854816
1048576,200000,0.000164864,0.000908448
1048576,200000,0.000163072,0.001062816
1048576,200000,0.000164352,0.00087184
1048576,200000,0.000162752,0.000912448
1048576,200000,0.000165216,0.000859168
1048576,200000,0.000168768,0.000957056
1048576,200000,0.000163328,0.00106544
2097152,2000,3.0784e-05,0.002164288
2097152,2000,2.7232e-05,0.00212
2097152,2000,2.6272e-05,0.001808416
2097152,2000,2.4608e-05,0.002452896
2097152,2000,2.5056e-05,0.001775072
2097152,2000,2.5856e-05,0.002063328
2097152,2000,2.6272e-05,0.001795712
2097152,2000,4.8224e-05,0.002092032
2097152,2000,2.5888e-05,0.002455072
2097152,2000,2.6176e-05,0.001763456
2097152,20000,3.7184e-05,0.001948736
2097152,20000,3.6896e-05,0.002308224
2097152,20000,0.000443456,0.002059264
2097152,20000,7.7248e-05,0.001814944
2097152,20000,3.6192e-05,0.001734912
2097152,20000,3.504e-05,0.001780672
2097152,20000,3.6672e-05,0.00170912
2097152,20000,3.344e-05,0.001874816
2097152,20000,3.4336e-05,0.002060192
2097152,20000,3.5136e-05,0.00210704
2097152,200000,0.000298752,0.001765216
2097152,200000,0.000222496,0.001779104
2097152,200000,0.000225056,0.001734944
2097152,200000,0.000166176,0.001972992
2097152,200000,0.000170272,0.001937152
2097152,200000,0.000165056,0.001945088
2097152,200000,0.000162176,0.001822848
2097152,200000,0.000218752,0.001947808
2097152,200000,0.00016704,0.001812992
2097152,200000,0.000164352,0.002226176
4194304,2000,3.3408e-05,0.00403344
4194304,2000,2.8896e-05,0.003897344
4194304,2000,2.7072e-05,0.003778848
4194304,2000,2.5056e-05,0.003663008
4194304,2000,2.544e-05,0.003825408
4194304,2000,2.592e-05,0.003947296
4194304,2000,6.3008e-05,0.004792928
4194304,2000,0.000102304,0.004010016
4194304,2000,5.3056e-05,0.004260544
4194304,2000,0.000101984,0.004253088
4194304,20000,9.4176e-05,0.004391104
4194304,20000,4.1376e-05,0.004790112
4194304,20000,3.776e-05,0.004326272
4194304,20000,4.1344e-05,0.00390096
4194304,20000,4.3136e-05,0.004088704
4194304,20000,4.0128e-05,0.003969536
4194304,20000,4.768e-05,0.003998144
4194304,20000,4.8032e-05,0.0044344
4194304,20000,4.7232e-05,0.004503616
4194304,20000,9.936e-05,0.004517504
4194304,200000,0.000346944,0.004125056
4194304,200000,0.000212512,0.003979712
4194304,200000,0.000166784,0.003824896
4194304,200000,0.000221088,0.004133696
4194304,200000,0.000168832,0.00481552
4194304,200000,0.000206016,0.003884736
4194304,200000,0.000165984,0.003781856
4194304,200000,0.000220704,0.003939488
4194304,200000,0.000165152,0.004227168
4194304,200000,0.000235072,0.003860192
8388608,2000,3.8656e-05,0.00835248
8388608,2000,8.5952e-05,0.008129664
8388608,2000,2.8768e-05,0.007898464
8388608,2000,6.9088e-05,0.007349184
8388608,2000,2.608e-05,0.007728064
8388608,2000,2.5952e-05,0.00789136
8388608,2000,2.5888e-05,0.00773328
8388608,2000,2.72e-05,0.008161088
8388608,2000,2.7008e-05,0.007144768
8388608,2000,2.512e-05,0.008035424
8388608,20000,3.9456e-05,0.008956896
8388608,20000,3.7888e-05,0.007314976
8388608,20000,3.52e-05,0.00781968
8388608,20000,3.552e-05,0.008334528
8388608,20000,3.5904e-05,0.007488704
8388608,20000,9.168e-05,0.007240896
8388608,20000,7.6512e-05,0.00708128
8388608,20000,3.696e-05,0.007916
8388608,20000,3.4304e-05,0.008427808
8388608,20000,3.5072e-05,0.0070472
8388608,200000,0.000341472,0.00785344
8388608,200000,0.000164448,0.007735328
8388608,200000,0.000167456,0.007100672
8388608,200000,0.000162048,0.007959936
8388608,200000,0.000167712,0.00687312
8388608,200000,0.000168768,0.009382816
8388608,200000,0.00038464,0.007756608
8388608,200000,0.000169184,0.007334528
8388608,200000,0.000206784,0.007999872
8388608,200000,0.000163616,0.00823568
16777216,2000,3.936e-05,0.01420746
16777216,2000,2.8768e-05,0.01622509
16777216,2000,2.5856e-05,0.01485357
16777216,2000,3.2e-05,0.01549155
16777216,2000,2.6752e-05,0.01523728
16777216,2000,9.616e-05,0.01463386
16777216,2000,6.7232e-05,0.01671446
16777216,2000,6.5408e-05,0.01533206
16777216,2000,2.656e-05,0.0147544
16777216,2000,2.5792e-05,0.01380147
16777216,20000,4.0832e-05,0.01412432
16777216,20000,8.3616e-05,0.01610944
16777216,20000,8.7264e-05,0.01345984
16777216,20000,3.9456e-05,0.01345277
16777216,20000,3.8784e-05,0.01530464
16777216,20000,3.4784e-05,0.01506653
16777216,20000,8.112e-05,0.01430515
16777216,20000,8.1344e-05,0.01445594
16777216,20000,3.68e-05,0.01396474
16777216,20000,3.6224e-05,0.01464358
16777216,200000,0.000315872,0.01460362
16777216,200000,0.000166656,0.01483587
16777216,200000,0.00016944,0.01586829
16777216,200000,0.000163648,0.01503571
16777216,200000,0.000167872,0.01616182
16777216,200000,0.000168064,0.01462109
16777216,200000,0.000167872,0.01564438
16777216,200000,0.000182592,0.01646931
16777216,200000,0.000197376,0.01522752
16777216,200000,0.000162304,0.01561491
33554432,2000,7.8784e-05,0.0292216
33554432,2000,7.9744e-05,0.03223603
33554432,2000,3.568e-05,0.02892589
33554432,2000,2.6752e-05,0.0300368
33554432,2000,3.0016e-05,0.02899949
33554432,2000,2.6656e-05,0.03374487
33554432,2000,3.008e-05,0.03091834
33554432,2000,2.608e-05,0.03045894
33554432,2000,2.5792e-05,0.02844691
33554432,2000,2.6144e-05,0.03162861
33554432,20000,4.1088e-05,0.02882915
33554432,20000,3.5744e-05,0.03015667
33554432,20000,3.6384e-05,0.03110621
33554432,20000,3.6064e-05,0.02917197
33554432,20000,4.0032e-05,0.03225491
33554432,20000,3.696e-05,0.03097878
33554432,20000,7.712e-05,0.03186387
33554432,20000,3.8336e-05,0.02851235
33554432,20000,3.6e-05,0.03006109
33554432,20000,3.4624e-05,0.03085437
33554432,200000,0.00032848,0.02977706
33554432,200000,0.000218144,0.02958131
33554432,200000,0.000163168,0.02963642
33554432,200000,0.000161632,0.02756637
33554432,200000,0.000161248,0.03043718
33554432,200000,0.000162816,0.02866112
33554432,200000,0.00016016,0.02839478
33554432,200000,0.000169984,0.02940326
33554432,200000,0.000165344,0.02785469
33554432,200000,0.000162144,0.0281104
67108864,2000,3.4368e-05,0.05710026
67108864,2000,4.3392e-05,0.05981757
67108864,2000,6.7936e-05,0.05968624
67108864,2000,7.36e-05,0.05722019
67108864,2000,4.016e-05,0.05614202
67108864,2000,3.4912e-05,0.05690458
67108864,2000,2.7648e-05,0.05867552
67108864,2000,5.5456e-05,0.06217418
67108864,2000,2.9088e-05,0.05896467
67108864,2000,3.6288e-05,0.05915261
67108864,20000,8.368e-05,0.05766631
67108864,20000,0.00019744,0.05945088
67108864,20000,4.1216e-05,0.05908595
67108864,20000,3.6256e-05,0.06124093
67108864,20000,3.8656e-05,0.06074637
67108864,20000,3.5776e-05,0.0579159
67108864,20000,3.6352e-05,0.05903411
67108864,20000,3.6448e-05,0.06190221
67108864,20000,4.8896e-05,0.06074595
67108864,20000,8.0832e-05,0.06259216
67108864,200000,0.000381344,0.06120797
67108864,200000,0.000176224,0.05775194
67108864,200000,0.000168512,0.05820112
67108864,200000,0.000160896,0.06160995
67108864,200000,0.000170976,0.05797027
67108864,200000,0.000161088,0.05919402
67108864,200000,0.000168192,0.05904922
67108864,200000,0.00020368,0.05825536
67108864,200000,0.00021296,0.06077459
67108864,200000,0.000163008,0.05876931
134217728,2000,3.92e-05,0.1168362
134217728,2000,3.104e-05,0.1182711
134217728,2000,2.8352e-05,0.1188343
134217728,2000,9.056e-05,0.1252059
134217728,2000,8.048e-05,0.1177716
134217728,2000,3.2896e-05,0.1191621
134217728,2000,3.12e-05,0.1185994
134217728,2000,6.7712e-05,0.1133624
134217728,2000,7.5072e-05,0.1198313
134217728,2000,2.9152e-05,0.114665
134217728,20000,4.0736e-05,0.1181021
134217728,20000,5.3728e-05,0.1191374
134217728,20000,9.1168e-05,0.1238391
134217728,20000,6.2176e-05,0.1226656
134217728,20000,4.1184e-05,0.1163248
134217728,20000,3.6288e-05,0.1184625
134217728,20000,8.6944e-05,0.1151287
134217728,20000,3.7888e-05,0.1174877
134217728,20000,3.7536e-05,0.1179557
134217728,20000,3.7408e-05,0.1247235
134217728,200000,0.000383872,0.1225073
134217728,200000,0.000180928,0.1231844
134217728,200000,0.000168544,0.1192492
134217728,200000,0.000163552,0.120142
134217728,200000,0.000225024,0.1184531
134217728,200000,0.000210752,0.1187461
134217728,200000,0.000208,0.119318
134217728,200000,0.00016992,0.1170489
134217728,200000,0.000228032,0.1181692
134217728,200000,0.000219168,0.1164205
268435456,2000,4.3392e-05,0.2505449
268435456,2000,7.6192e-05,0.2388209
268435456,2000,7.9072e-05,0.2339746
268435456,2000,4.8128e-05,0.2372375
268435456,2000,8.4896e-05,0.2360603
268435456,2000,3.3024e-05,0.2393834
268435456,2000,7.7376e-05,0.2438755
268435456,2000,3.2352e-05,0.2453544
268435456,2000,9.232e-05,0.2418444
268435456,2000,3.4176e-05,0.2375523
268435456,20000,9.5136e-05,0.2353626
268435456,20000,3.8848e-05,0.2395195
268435456,20000,0.000104,0.2404658
268435456,20000,4.928e-05,0.2381565
268435456,20000,9.296e-05,0.2345187
268435456,20000,4.256e-05,0.2358329
268435456,20000,9.632e-05,0.2379043
268435456,20000,4.8096e-05,0.2345938
268435456,20000,8.6432e-05,0.2303694
268435456,20000,3.9744e-05,0.238018
268435456,200000,0.000522752,0.232168
268435456,200000,0.000233472,0.23466
268435456,200000,0.000186784,0.2374252
268435456,200000,0.000222752,0.2317577
268435456,200000,0.00018768,0.2371814
268435456,200000,0.00022176,0.2340139
268435456,200000,0.000165568,0.2299245
268435456,200000,0.00021584,0.2362579
268435456,200000,0.000166336,0.2411879
268435456,200000,0.000232736,0.2400696
536870912,2000,4.5824e-05,0.4787108
536870912,2000,8.2912e-05,0.4699408
536870912,2000,9.312e-05,0.4783181
536870912,2000,8.544e-05,0.4735199
536870912,2000,9.3888e-05,0.4751867
536870912,2000,8.3168e-05,0.4688368
536870912,2000,9.1968e-05,0.4750638
536870912,2000,9.0144e-05,0.4870325
536870912,2000,9.4464e-05,0.4741618
536870912,2000,8.528e-05,0.4750238
536870912,20000,9.7312e-05,0.4710386
536870912,20000,9.2832e-05,0.4744738
536870912,20000,9.7088e-05,0.4743477
536870912,20000,0.000105376,0.4727595
536870912,20000,9.6192e-05,0.4755709
536870912,20000,0.000100768,0.4757598
536870912,20000,9.9136e-05,0.4790674
536870912,20000,9.872e-05,0.4716655
536870912,20000,0.000126144,0.4843342
536870912,20000,9.7856e-05,0.467249
536870912,200000,0.00039168,0.4805083
536870912,200000,0.00023952,0.4688838
536870912,200000,0.00022384,0.4789642
536870912,200000,0.000236672,0.4765227
536870912,200000,0.000219712,0.4777995
536870912,200000,0.000240192,0.4708829
536870912,200000,0.000230528,0.4904229
536870912,200000,0.0002344,0.477082
536870912,200000,0.000232128,0.4766247
536870912,200000,0.000235392,0.4753179
1073741824,2000,8.8352e-05,0.9572084
1073741824,2000,9.1616e-05,0.9549271
1073741824,2000,9.3312e-05,0.9657391
1073741824,2000,9.2128e-05,0.9538309
1073741824,2000,9.6032e-05,0.9464032
1073741824,2000,9.8656e-05,0.9392071
1073741824,2000,9.344e-05,0.9608141
1073741824,2000,9.3984e-05,0.9445939
1073741824,2000,9.328e-05,0.9644975
1073741824,2000,9.232e-05,0.9557415
1073741824,20000,9.9968e-05,0.9672397
1073741824,20000,9.9904e-05,0.9489366
1073741824,20000,9.8048e-05,0.940279
1073741824,20000,0.000105344,0.9527271
1073741824,20000,9.712e-05,0.9432708
1073741824,20000,0.000101216,0.9524708
1073741824,20000,0.000249984,0.9473498
1073741824,20000,0.0001,0.9611235
1073741824,20000,9.8368e-05,0.9509725
1073741824,20000,0.000100192,0.9513389
1073741824,200000,0.000386304,0.9442893
1073741824,200000,0.000230016,0.9544525
1073741824,200000,0.000237984,0.9568109
1073741824,200000,0.00025344,0.9761163
1073741824,200000,0.000229248,0.945558
1073741824,200000,0.000227008,0.9514899
1073741824,200000,0.000233888,0.9594161
1073741824,200000,0.000231168,0.9455117
1073741824,200000,0.000236352,0.953552
1073741824,200000,0.000251584,0.9464264
2147483648,2000,9.2416e-05,1.916126
2147483648,2000,9.4272e-05,1.919249
2147483648,2000,9.6e-05,1.903669
2147483648,2000,9.6864e-05,1.904006
2147483648,2000,0.00014528,1.919225
2147483648,2000,9.3312e-05,1.889783
2147483648,2000,9.2704e-05,1.914861
2147483648,2000,9.2896e-05,1.891459
2147483648,2000,9.5488e-05,1.900966
2147483648,2000,0.000100864,1.908074
2147483648,20000,0.000102688,1.895226
2147483648,20000,9.92e-05,1.913441
2147483648,20000,9.7984e-05,1.893926
2147483648,20000,0.000105248,1.894592
2147483648,20000,0.000101024,1.906911
2147483648,20000,9.7248e-05,1.922356
2147483648,20000,9.9968e-05,1.901263
2147483648,20000,0.000100352,1.885118
2147483648,20000,9.8784e-05,1.905771
2147483648,20000,0.000103392,1.894716
2147483648,200000,0.000385376,1.879639
2147483648,200000,0.000230528,1.897727
2147483648,200000,0.000233248,1.907794
2147483648,200000,0.000229792,1.902568
2147483648,200000,0.000239936,1.912631
2147483648,200000,0.000240832,1.919332
2147483648,200000,0.000230464,1.919629
2147483648,200000,0.000234528,1.89471
2147483648,200000,0.00023664,1.917805
2147483648,200000,0.000233408,1.932682
4294967296,2000,9.568e-05,3.794368
4294967296,2000,9.3888e-05,3.806586
4294967296,2000,9.28e-05,3.791941
4294967296,2000,9.6288e-05,3.837476
4294967296,2000,9.6544e-05,3.828344
4294967296,2000,9.4336e-05,3.792491
4294967296,2000,9.4272e-05,3.804225
4294967296,2000,9.3152e-05,3.800215
4294967296,2000,9.6576e-05,3.814956
4294967296,2000,0.000119904,3.819409
4294967296,20000,0.0001032,3.809837
4294967296,20000,0.000103072,3.829404
4294967296,20000,0.0001,3.789433
4294967296,20000,0.000105472,3.795699
4294967296,20000,0.00010352,3.829104
4294967296,20000,0.00010064,3.796771
4294967296,20000,0.000101856,3.795902
4294967296,20000,0.000102752,3.816023
4294967296,20000,0.000101024,3.771769
4294967296,20000,0.000104256,3.827631
4294967296,200000,0.00043168,3.783319
4294967296,200000,0.000232416,3.80871
4294967296,200000,0.000234848,3.788249
4294967296,200000,0.00023536,3.818999
4294967296,200000,0.000231776,3.819308
4294967296,200000,0.00023312,3.791651
4294967296,200000,0.00023664,3.792417
4294967296,200000,0.00025328,3.811819
4294967296,200000,0.000236,3.784821
4294967296,200000,0.000235648,3.818838
8589934592,2000,9.5808e-05,7.617443
8589934592,2000,9.8464e-05,7.633317
8589934592,2000,9.648e-05,7.602402
8589934592,2000,9.6576e-05,7.593125
8589934592,2000,9.7856e-05,7.569725
8589934592,2000,9.9392e-05,7.63612
8589934592,2000,9.9008e-05,7.602274
8589934592,2000,9.4272e-05,7.622325
8589934592,2000,9.44e-05,7.646229
8589934592,2000,9.472e-05,7.739105
8589934592,20000,0.000102624,7.558916
8589934592,20000,0.000100672,7.581928
8589934592,20000,9.9424e-05,7.597889
8589934592,20000,9.872e-05,7.522661
8589934592,20000,0.000101664,7.547326
8589934592,20000,9.8144e-05,7.572604
8589934592,20000,9.6544e-05,7.52275
8589934592,20000,0.000101344,7.505988
8589934592,20000,9.68e-05,7.534837
8589934592,20000,9.6e-05,7.542501
8589934592,200000,0.000391616,7.556813
8589934592,200000,0.000233184,7.516994
8589934592,200000,0.000238016,7.56897
8589934592,200000,0.000239872,7.49908
8589934592,200000,0.000228096,7.536909
8589934592,200000,0.000230368,7.560032
8589934592,200000,0.000229376,7.551777
8589934592,200000,0.000230048,7.520345
8589934592,200000,0.000227936,7.523825
8589934592,200000,0.000234176,7.55501
